50Hz 高,500000
0.00000        
8191.96875     
8191.96875     
8191.96875     
8191.96875     
8191.96875     
6702.46875     
5014.78125     
3706.09375     
2714.40625     
1976.84375     
1434.62500     
1037.53125     
748.50000      
539.65625      
389.50000      
281.18750      
203.18750      
148.00000      
108.75000      
80.09375       
59.56250       
45.59375       
35.75000       
28.09375       
22.34375       
19.15625       
16.81250       
14.21875       
12.78125       
12.09375       
11.43750       
10.21875       
9.59375        
10.06250       
9.68750        
8.84375        
8.78125        
8.84375        
8.56250        
7.75000        
7.75000        
8.25000        
7.71875        
7.40625        
7.25000        
7.43750        
7.18750        
6.65625        
7.03125        
7.09375        
6.62500        
6.50000        
6.56250        
6.75000        
6.06250        
5.71875        
6.12500        
6.25000        
5.75000        
5.59375        
6.09375        
5.87500        
5.34375        
5.12500        
5.50000        
5.65625        
5.03125        
5.00000        
5.40625        
5.46875        
4.43750        
4.71875        
5.31250        
5.09375        
4.53125        
4.53125        
4.90625        
4.84375        
4.37500        
4.43750        
4.93750        
4.62500        
3.90625        
4.46875        
4.78125        
4.18750        
3.75000        
4.09375        
4.56250        
3.90625        
3.81250        
4.46875        
4.37500        
3.62500        
3.50000        
4.12500        
4.28125        
3.43750        
3.75000        
4.12500        
3.81250        
3.06250        
3.50000        
4.12500        
3.78125        
3.15625        
3.56250        
3.81250        
3.43750        
3.25000        
3.40625        
3.87500        
3.34375        
2.90625        
3.40625        
3.37500        
3.28125        
2.81250        
3.12500        
3.34375        
3.09375        
3.03125        
3.40625        
3.37500        
3.06250        
2.93750        
3.21875        
3.18750        
3.12500        
2.84375        
3.06250        
3.06250        
2.56250        
2.75000        
3.18750        
2.96875        
2.65625        
2.65625        
3.03125        
2.81250        
2.53125        
2.81250        
3.00000        
2.93750        
2.31250        
2.46875        
3.06250        
2.71875        
2.21875        
2.50000        
2.87500        
2.46875        
2.25000        
2.90625        
3.18750        
2.31250        
2.15625        
2.65625        
2.81250        
2.18750        
2.31250        
2.75000        
2.53125        
2.06250        
2.21875        
3.00000        
2.65625        
1.90625        
2.46875        
2.71875        
2.15625        
2.00000        
2.53125        
2.71875        
1.93750        
1.90625        
2.62500        
2.56250        
2.28125        
2.12500        
2.40625        
2.31250        
1.81250        
2.21875        
2.56250        
2.28125        
1.90625        
2.06250        
2.50000        
1.90625        
1.90625        
2.34375        
2.28125        
2.15625        
1.71875        
1.93750        
2.15625        
2.06250        
2.15625        
2.15625        
1.84375        
1.75000        
2.00000        
2.21875        
2.03125        
2.00000        
2.18750        
1.90625        
2.00000        
2.06250        
2.09375        
1.84375        
1.53125        
1.90625        
1.81250        
1.90625        
2.06250        
1.90625        
1.84375        
1.71875        
1.78125        
1.96875        
1.84375        
1.90625        
1.93750        
1.62500        
1.46875        
1.87500        
2.25000        
1.68750        
1.53125        
1.84375        
1.90625        
1.93750        
1.62500        
1.78125        
2.09375        
1.62500        
1.65625        
1.87500        
1.87500        
1.68750        
1.78125        
1.71875        
1.65625        
1.53125        
1.68750        
1.81250        
1.71875        
1.15625        
1.62500        
1.68750        
1.65625        
1.56250        
1.75000        
1.81250        
1.37500        
1.25000        
1.93750        
1.90625        
1.15625        
1.59375        
1.84375        
1.75000        
1.25000        
1.50000        
1.96875        
1.62500        
1.34375        
1.65625        
1.81250        
1.78125        
1.34375        
1.65625        
1.59375        
1.34375        
1.28125        
1.43750        
1.78125        
1.37500        
1.21875        
1.53125        
1.37500        
1.40625        
1.65625        
1.81250        
1.56250        
1.31250        
1.25000        
1.56250        
1.40625        
1.15625        
1.59375        
1.78125        
1.12500        
1.18750        
1.62500        
1.59375        
1.31250        
1.37500        
1.56250        
1.34375        
1.09375        
1.50000        
1.56250        
1.25000        
0.93750        
1.50000        
1.71875        
1.34375        
1.40625        
1.50000        
1.31250        
1.18750        
1.25000        
1.59375        
1.59375        
1.09375        
1.37500        
1.28125        
1.12500        
1.40625        
1.40625        
1.81250        
1.09375        
1.21875        
1.59375        
1.50000        
1.09375        
1.18750        
1.59375        
1.40625        
0.84375        
1.37500        
1.56250        
1.15625        
1.03125        
1.37500        
1.53125        
1.15625        
1.09375        
1.43750        
1.46875        
1.03125        
1.09375        
1.46875        
1.31250        
1.09375        
1.43750        
1.50000        
1.09375        
0.75000        
1.59375        
1.62500        
1.15625        
1.09375        
1.62500        
1.31250        
1.00000        
1.03125        
1.50000        
1.46875        
0.96875        
1.09375        
1.59375        
1.25000        
0.93750        
1.15625        
1.37500        
1.12500        
0.96875        
1.53125        
1.18750        
1.21875        
1.00000        
1.21875        
1.21875        
0.96875        
1.34375        
1.34375        
1.25000        
0.75000        
0.96875        
1.53125        
1.31250        
0.81250        
1.28125        
1.37500        
0.96875        
0.96875        
1.25000        
1.40625        
0.84375        
1.09375        
1.12500        
1.09375        
1.21875        
1.12500        
1.25000        
0.93750        
1.00000        
1.31250        
1.18750        
1.34375        
1.00000        
1.25000        
1.12500        
1.09375        
1.09375        
1.18750        
0.93750        
1.03125        
1.09375        
1.18750        
1.00000        
1.09375        
1.37500        
1.21875        
1.09375        
0.96875        
1.18750        
1.28125        
1.00000        
0.96875        
1.18750        
1.03125        
1.12500        
1.37500        
1.15625        
1.03125        
0.90625        
0.93750        
1.15625        
1.40625        
1.21875        
1.00000        
0.96875        
0.96875        
1.25000        
1.25000        
1.15625        
1.28125        
1.34375        
1.21875        
0.90625        
0.96875        
1.37500        
1.06250        
1.09375        
1.15625        
1.03125        
0.93750        
1.06250        
1.21875        
1.03125        
0.96875        
1.31250        
0.96875        
1.09375        
1.25000        
1.12500        
1.00000        
0.87500        
1.12500        
1.40625        
1.06250        
0.93750        
0.93750        
1.18750        
0.93750        
0.93750        
1.31250        
1.28125        
0.96875        
0.90625        
1.09375        
1.03125        
1.06250        
1.18750        
1.12500        
1.00000        
1.06250        
1.00000        
1.25000        
1.15625        
0.93750        
1.03125        
1.03125        
0.93750        
1.06250        
1.03125        
1.00000        
0.87500        
0.90625        
1.12500        
1.03125        
1.03125        
1.00000        
1.12500        
1.00000        
0.68750        
1.00000        
1.18750        
1.18750        
0.90625        
0.84375        
1.00000        
0.87500        
1.09375        
1.03125        
1.12500        
1.00000        
0.87500        
1.00000        
0.90625        
1.00000        
0.96875        
1.00000        
0.78125        
0.96875        
1.00000        
1.28125        
0.90625        
0.87500        
0.84375        
1.03125        
0.87500        
0.75000        
1.03125        
0.90625        
0.65625        
0.71875        
1.06250        
1.21875        
0.78125        
0.65625        
0.93750        
0.96875        
0.93750        
1.03125        
1.03125        
0.93750        
0.81250        
0.84375        
0.87500        
0.90625        
0.87500        
0.90625        
1.06250        
0.84375        
0.93750        
0.93750        
0.93750        
0.87500        
0.90625        
0.81250        
0.96875        
0.65625        
0.75000        
1.03125        
0.68750        
0.71875        
0.75000        
1.03125        
0.90625        
0.65625        
0.81250        
0.78125        
0.56250        
0.62500        
0.87500        
1.09375        
0.62500        
0.84375        
0.87500        
0.84375        
0.75000        
0.75000        
0.90625        
1.00000        
0.59375        
0.93750        
0.81250        
0.68750        
0.68750        
0.90625        
0.78125        
0.59375        
0.68750        
0.81250        
0.65625        
0.87500        
0.71875        
0.71875        
0.87500        
0.59375        
0.84375        
0.81250        
0.62500        
0.71875        
0.93750        
1.03125        
0.84375        
0.53125        
0.75000        
0.90625        
0.59375        
0.65625        
0.93750        
0.81250        
0.56250        
0.65625        
0.87500        
0.75000        
0.62500        
0.81250        
0.75000        
0.40625        
0.65625        
0.96875        
0.87500        
0.50000        
0.43750        
0.93750        
0.62500        
0.34375        
0.75000        
1.03125        
0.71875        
0.37500        
0.59375        
0.90625        
0.59375        
0.75000        
0.62500        
0.71875        
0.62500        
0.40625        
0.93750        
0.87500        
0.53125        
0.50000        
0.65625        
0.78125        
0.62500        
0.59375        
0.84375        
0.50000        
0.59375        
0.62500        
0.87500        
0.68750        
0.40625        
0.62500        
0.84375        
0.53125        
0.65625        
0.81250        
1.06250        
0.65625        
0.34375        
0.71875        
0.81250        
0.62500        
0.40625        
0.62500        
0.62500        
0.53125        
0.53125        
0.87500        
1.00000        
0.68750        
0.34375        
0.68750        
0.71875        
0.46875        
0.40625        
0.59375        
0.71875        
0.53125        
0.43750        
0.75000        
0.71875        
0.75000        
0.56250        
0.40625        
0.46875        
0.53125        
0.84375        
0.62500        
0.43750        
0.53125        
0.56250        
0.59375        
0.50000        
0.68750        
0.56250        
0.31250        
0.65625        
0.56250        
0.59375        
0.93750        
0.40625        
0.37500        
0.43750        
0.46875        
0.65625        
0.43750        
0.56250        
0.59375        
0.37500        
0.50000        
0.65625        
0.87500        
0.40625        
0.40625        
0.37500        
0.37500        
0.59375        
0.62500        
0.50000        
0.65625        
0.43750        
0.40625        
0.37500        
0.59375        
0.65625        
0.34375        
0.28125        
0.28125        
0.53125        
0.59375        
0.46875        
0.56250        
0.62500        
0.34375        
0.50000        
0.50000        
0.34375        
0.53125        
0.40625        
0.43750        
0.28125        
0.87500        
0.78125        
0.53125        
0.34375        
0.50000        
0.53125        
0.31250        
0.53125        
0.78125        
0.65625        
0.40625        
0.50000        
0.40625        
0.56250        
0.46875        
0.40625        
0.40625        
0.43750        
0.50000        
0.43750        
0.68750        
0.65625        
0.59375        
0.53125        
0.31250        
0.43750        
0.40625        
0.43750        
0.40625        
0.15625        
0.53125        
0.62500        
0.81250        
0.53125        
0.31250        
0.46875        
0.28125        
0.12500        
0.59375        
0.68750        
0.62500        
0.40625        
0.28125        
0.62500        
0.37500        
0.53125        
0.50000        
0.43750        
0.34375        
0.34375        
0.56250        
0.59375        
0.53125        
0.46875        
0.21875        
0.31250        
0.37500        
0.43750        
0.34375        
0.43750        
0.28125        
0.43750        
0.40625        
0.71875        
0.59375        
0.31250        
0.37500        
0.18750        
0.09375        
0.53125        
0.59375        
0.37500        
0.37500        
0.50000        
0.43750        
0.37500        
0.46875        
0.46875        
0.43750        
0.09375        
0.50000        
0.40625        
0.53125        
0.62500        
0.46875        
0.40625        
0.56250        
0.18750        
0.31250        
0.18750        
0.28125        
0.18750        
0.28125        
0.37500        
0.78125        
0.84375        
0.31250        
0.25000        
0.40625        
0.31250        
0.78125        
0.56250        
0.43750        
0.43750        
0.37500        
0.28125        
0.40625        
0.59375        
0.68750        
0.25000        
0.21875        
0.40625        
0.46875        
0.62500        
0.50000        
0.62500        
0.37500        
0.09375        
0.25000        
0.21875        
0.34375        
0.21875        
0.15625        
0.28125        
0.43750        
0.90625        
0.50000        
0.46875        
0.25000        
0.56250        
0.40625        
0.31250        
0.40625        
0.56250        
0.46875        
0.56250        
0.28125        
0.50000        
0.81250        
0.40625        
0.40625        
0.21875        
0.28125        
0.40625        
0.34375        
0.59375        
0.31250        
0.25000        
0.53125        
0.40625        
0.56250        
0.40625        
0.09375        
0.21875        
0.18750        
0.43750        
0.62500        
0.53125        
0.68750        
0.31250        
0.15625        
0.37500        
0.31250        
0.50000        
0.53125        
0.43750        
0.34375        
0.31250        
0.56250        
0.43750        
0.56250        
0.34375        
0.06250        
0.21875        
0.25000        
0.34375        
0.28125        
0.56250        
0.40625        
0.31250        
0.46875        
0.50000        
0.34375        
0.21875        
0.18750        
0.40625        
0.21875        
0.46875        
0.87500        
0.65625        
0.40625        
0.18750        
0.18750        
0.40625        
0.53125        
0.53125        
0.21875        
0.12500        
0.31250        
0.21875        
0.56250        
0.53125        
0.40625        
0.28125        
0.15625        
0.37500        
0.34375        
0.56250        
0.75000        
0.37500        
0.25000        
0.31250        
0.37500        
0.34375        
0.12500        
0.31250        
0.15625        
0.06250        
0.59375        
0.71875        
0.81250        
0.37500        
0.18750        
0.37500        
0.12500        
0.21875        
0.46875        
0.50000        
0.31250        
0.18750        
0.40625        
0.68750        
0.46875        
0.53125        
0.28125        
0.28125        
0.25000        
0.06250        
0.43750        
0.28125        
0.59375        
0.34375        
0.31250        
0.50000        
0.28125        
0.37500        
0.18750        
0.12500        
0.25000        
0.40625        
0.68750        
0.46875        
0.40625        
0.28125        
0.15625        
0.28125        
0.40625        
0.46875        
0.53125        
0.25000        
0.12500        
0.25000        
0.59375        
0.90625        
0.53125        
0.09375        
0.28125        
0.37500        
0.34375        
0.25000        
0.68750        
0.56250        
0.31250        
0.40625        
0.43750        
0.50000        
0.15625        
0.15625        
0.31250        
0.28125        
0.40625        
0.46875        
0.59375        
0.46875        
0.15625        
0.34375        
0.40625        
0.34375        
0.25000        
0.34375        
0.46875        
0.03125        
0.40625        
0.59375        
0.56250        
0.43750        
0.34375        
0.37500        
0.62500        
0.21875        
0.28125        
0.43750        
0.56250        
0.15625        
0.25000        
0.56250        
0.12500        
0.53125        
0.18750        
0.25000        
0.28125        
0.28125        
0.37500        
0.56250        
0.40625        
0.43750        
0.12500        
0.37500        
0.28125        
0.21875        
0.43750        
0.25000        
0.46875        
0.40625        
0.21875        
0.68750        
0.50000        
0.37500        
0.25000        
0.09375        
0.37500        
0.09375        
0.31250        
0.65625        
0.15625        
0.50000        
0.37500        
0.28125        
0.18750        
-0.09375       
0.53125        
0.09375        
0.12500        
0.37500        
0.65625        
0.53125        
0.15625        
0.31250        
0.37500        
0.15625        
0.46875        
0.50000        
0.31250        
0.40625        
-0.03125       
0.53125        
0.46875        
0.34375        
0.50000        
0.28125        
0.06250        
0.46875        
0.43750        
0.53125        
0.34375        
0.40625        
0.50000        
0.09375        
0.21875        
0.09375        
0.46875        
0.28125        
0.06250        
0.28125        
0.50000        
0.50000        
0.34375        
0.68750        
0.43750        
0.43750        
0.15625        
0.46875        
0.31250        
0.21875        
0.50000        
0.28125        
0.31250        
0.31250        
0.56250        
0.46875        
0.00000        
0.34375        
0.25000        
0.40625        
0.28125        
0.28125        
0.59375        
0.09375        
0.28125        
0.28125        
0.50000        
0.43750        
0.12500        
0.46875        
0.25000        
0.53125        
0.68750        
0.25000        
0.62500        
0.12500        
0.34375        
0.28125        
0.12500        
0.56250        
0.37500        
0.18750        
0.34375        
0.34375        
0.81250        
0.06250        
0.46875        
0.87500        
-0.09375       
0.31250        
0.15625        
0.46875        
0.56250        
-0.09375       
0.84375        
0.56250        
0.18750        
0.56250        
0.21875        
0.43750        
-0.18750       
0.34375        
0.75000        
0.21875        
0.43750        
0.46875        
0.75000        
0.09375        
-0.09375       
1.06250        
0.53125        
0.18750        
0.34375        
0.56250        
0.40625        
-0.28125       
0.46875        
0.90625        
0.12500        
-0.09375       
0.34375        
0.75000        
0.25000        
0.09375        
0.96875        
0.43750        
0.18750        
0.15625        
0.46875        
0.50000        
0.03125        
0.43750        
0.71875        
0.28125        
0.28125        
0.65625        
0.56250        
0.28125        
0.03125        
0.71875        
0.28125        
0.18750        
0.18750        
0.50000        
0.31250        
0.18750        
0.56250        
0.71875        
0.43750        
0.21875        
0.15625        
0.68750        
0.37500        
0.18750        
0.28125        
0.40625        
0.40625        
0.28125        
0.53125        
0.56250        
0.31250        
0.46875        
0.28125        
0.53125        
0.43750        
0.34375        
0.50000        
0.40625        
0.12500        
0.31250        
0.34375        
0.56250        
0.18750        
0.28125        
0.46875        
0.21875        
0.18750        
0.37500        
0.56250        
0.40625        
0.00000        
0.34375        
0.46875        
0.28125        
0.06250        
0.62500        
0.56250        
0.21875        
0.18750        
0.43750        
0.43750        
0.28125        
0.21875        
0.37500        
0.37500        
0.21875        
0.59375        
0.43750        
0.15625        
0.25000        
0.50000        
0.40625        
0.00000        
0.43750        
0.50000        
0.06250        
0.06250        
0.37500        
0.56250        
0.15625        
0.21875        
0.43750        
0.21875        
0.25000        
0.15625        
0.59375        
0.37500        
0.12500        
0.37500        
0.37500        
0.25000        
0.25000        
0.34375        
0.31250        
0.28125        
0.09375        
0.59375        
0.34375        
0.21875        
0.28125        
0.06250        
0.46875        
0.03125        
0.25000        
0.56250        
0.34375        
0.21875        
0.12500        
0.50000        
0.40625        
0.31250        
0.53125        
0.43750        
0.37500        
0.06250        
0.12500        
0.46875        
0.28125        
0.15625        
0.37500        
0.21875        
0.37500        
0.12500        
0.09375        
0.59375        
0.09375        
0.18750        
0.40625        
0.28125        
0.15625        
-0.09375       
0.25000        
0.21875        
0.18750        
0.40625        
0.37500        
0.37500        
0.15625        
0.18750        
0.62500        
0.37500        
0.15625        
0.43750        
0.37500        
0.15625        
-0.25000       
0.50000        
0.56250        
0.09375        
0.06250        
0.37500        
0.34375        
0.12500        
0.12500        
0.37500        
0.46875        
-0.03125       
0.00000        
0.37500        
0.59375        
0.06250        
0.37500        
0.28125        
0.12500        
0.15625        
0.31250        
0.53125        
0.28125        
0.03125        
0.31250        
0.34375        
0.12500        
0.21875        
0.37500        
0.40625        
0.03125        
0.25000        
0.68750        
0.31250        
0.06250        
-0.06250       
0.56250        
0.12500        
-0.09375       
0.43750        
0.37500        
0.15625        
0.21875        
0.25000        
0.71875        
0.06250        
0.15625        
0.59375        
0.09375        
0.25000        
0.18750        
0.53125        
0.28125        
0.15625        
0.40625        
0.06250        
0.25000        
0.15625        
0.43750        
0.43750        
0.06250        
0.25000        
0.34375        
0.12500        
0.15625        
0.15625        
0.31250        
0.18750        
0.06250        
0.28125        
0.50000        
0.34375        
0.21875        
0.25000        
0.37500        
0.53125        
0.31250        
0.21875        
0.18750        
0.31250        
-0.03125       
0.34375        
0.31250        
0.40625        
0.50000        
0.21875        
0.28125        
0.28125        
0.12500        
0.31250        
0.37500        
0.09375        
0.12500        
0.18750        
0.34375        
0.06250        
0.21875        
0.34375        
0.40625        
0.06250        
0.15625        
0.56250        
0.31250        
0.03125        
0.21875        
0.46875        
0.28125        
0.09375        
0.43750        
0.59375        
-0.09375       
-0.06250       
0.46875        
0.46875        
0.28125        
0.21875        
0.40625        
0.34375        
-0.12500       
0.21875        
0.68750        
0.40625        
-0.09375       
0.31250        
0.31250        
0.03125        
0.00000        
0.40625        
0.43750        
0.06250        
0.00000        
0.46875        
0.31250        
-0.15625       
0.28125        
0.68750        
0.18750        
-0.09375       
0.34375        
0.81250        
0.21875        
-0.18750       
0.34375        
0.43750        
-0.06250       
0.00000        
0.65625        
0.43750        
-0.12500       
0.25000        
0.40625        
0.28125        
0.12500        
0.34375        
0.59375        
0.00000        
0.00000        
0.53125        
0.28125        
-0.03125       
0.21875        
0.56250        
0.34375        
-0.03125       
0.43750        
0.40625        
0.25000        
-0.03125       
0.21875        
0.50000        
0.12500        
0.18750        
0.28125        
0.34375        
0.18750        
0.06250        
0.40625        
0.37500        
0.18750        
0.28125        
0.03125        
0.40625        
0.34375        
0.15625        
0.28125        
0.28125        
0.56250        
0.03125        
0.31250        
0.53125        
0.18750        
0.37500        
0.28125        
0.25000        
0.25000        
0.06250        
0.40625        
0.37500        
0.31250        
0.09375        
0.43750        
0.46875        
0.06250        
0.28125        
0.59375        
0.31250        
0.03125        
0.34375        
0.75000        
0.40625        
0.03125        
0.50000        
0.56250        
0.21875        
0.12500        
0.62500        
0.75000        
0.12500        
0.12500        
0.71875        
0.56250        
0.06250        
0.34375        
0.62500        
0.50000        
-0.06250       
0.31250        
0.59375        
0.21875        
0.12500        
0.68750        
0.71875        
0.09375        
0.21875        
0.65625        
0.53125        
-0.03125       
0.15625        
0.78125        
0.71875        
0.03125        
0.43750        
0.96875        
0.46875        
-0.03125       
0.46875        
0.87500        
0.31250        
0.34375        
0.50000        
0.96875        
0.31250        
0.00000        
0.59375        
0.71875        
0.28125        
0.31250        
0.53125        
0.65625        
0.25000        
0.65625        
0.81250        
0.53125        
0.12500        
0.50000        
0.46875        
0.18750        
0.18750        
0.56250        
0.84375        
0.40625        
0.37500        
0.65625        
0.75000        
0.59375        
0.50000        
0.65625        
0.43750        
0.09375        
0.50000        
0.59375        
0.53125        
0.50000        
0.50000        
0.50000        
0.56250        
0.43750        
0.43750        
0.37500        
0.59375        
0.62500        
0.50000        
0.43750        
0.56250        
0.75000        
0.59375        
0.34375        
0.50000        
0.31250        
0.53125        
0.71875        
0.81250        
0.65625        
0.50000        
0.50000        
0.65625        
0.59375        
0.37500        
0.75000        
0.53125        
0.31250        
0.50000        
0.62500        
0.68750        
0.28125        
0.50000        
0.75000        
0.37500        
0.18750        
0.62500        
0.81250        
0.43750        
0.21875        
0.84375        
0.75000        
0.50000        
0.40625        
0.81250        
0.53125        
0.40625        
0.40625        
0.81250        
0.62500        
0.31250        
0.68750        
0.62500        
0.53125        
0.31250        
0.71875        
0.68750        
0.18750        
0.50000        
0.56250        
0.40625        
0.34375        
0.53125        
0.68750        
0.40625        
0.34375        
0.65625        
0.59375        
0.43750        
0.21875        
0.84375        
0.65625        
0.25000        
0.56250        
0.71875        
0.59375        
0.34375        
0.40625        
0.56250        
0.37500        
0.25000        
0.78125        
0.46875        
0.37500        
0.59375        
0.65625        
0.43750        
0.18750        
0.50000        
0.50000        
0.15625        
0.09375        
0.50000        
0.62500        
0.06250        
0.34375        
0.56250        
0.53125        
0.25000        
0.25000        
0.75000        
0.50000        
0.06250        
0.46875        
0.71875        
0.56250        
0.25000        
0.59375        
0.56250        
0.34375        
0.31250        
0.53125        
0.53125        
0.34375        
0.40625        
0.53125        
0.37500        
0.12500        
0.53125        
0.56250        
0.31250        
0.34375        
0.25000        
0.87500        
0.15625        
0.25000        
0.68750        
0.68750        
0.34375        
-0.03125       
0.56250        
0.43750        
0.31250        
0.28125        
0.53125        
0.62500        
0.46875        
0.28125        
0.25000        
0.28125        
0.21875        
0.40625        
0.28125        
0.46875        
0.25000        
0.28125        
0.62500        
0.37500        
0.28125        
0.37500        
0.25000        
0.34375        
0.15625        
0.37500        
0.50000        
0.40625        
0.12500        
0.25000        
0.53125        
0.31250        
0.12500        
0.50000        
0.43750        
0.09375        
0.09375        
0.34375        
0.59375        
0.37500        
0.12500        
0.37500        
0.18750        
0.18750        
0.21875        
0.46875        
0.50000        
0.12500        
0.18750        
0.37500        
0.21875        
0.28125        
0.34375        
0.34375        
0.28125        
0.06250        
0.25000        
0.34375        
0.50000        
0.43750        
0.37500        
0.21875        
0.18750        
0.31250        
0.34375        
0.50000        
0.06250        
0.18750        
0.28125        
0.40625        
0.56250        
0.18750        
0.37500        
0.25000        
0.21875        
0.25000        
0.18750        
0.68750        
0.28125        
0.18750        
0.31250        
0.28125        
0.25000        
0.21875        
0.34375        
0.68750        
0.15625        
-0.09375       
0.34375        
0.71875        
0.37500        
0.00000        
0.43750        
0.50000        
-0.12500       
0.15625        
0.37500        
0.53125        
0.18750        
0.09375        
0.56250        
0.31250        
0.18750        
0.43750        
0.40625        
0.15625        
-0.18750       
0.43750        
0.50000        
0.25000        
0.25000        
0.50000        
0.56250        
0.15625        
0.18750        
0.56250        
0.18750        
-0.15625       
0.31250        
0.40625        
0.50000        
0.00000        
0.21875        
0.56250        
0.12500        
0.00000        
0.31250        
0.37500        
0.21875        
0.21875        
0.53125        
0.31250        
0.25000        
0.18750        
0.46875        
0.28125        
-0.03125       
0.50000        
0.43750        
0.40625        
0.37500        
0.31250        
0.40625        
0.25000        
0.21875        
0.40625        
0.12500        
0.15625        
0.18750        
0.43750        
0.31250        
0.25000        
0.40625        
0.37500        
0.28125        
0.28125        
-0.03125       
0.28125        
0.21875        
0.03125        
0.25000        
0.18750        
0.37500        
0.34375        
0.34375        
0.43750        
0.18750        
0.31250        
0.46875        
0.25000        
0.40625        
0.31250        
0.28125        
0.12500        
0.18750        
0.37500        
0.31250        
0.12500        
0.50000        
0.21875        
0.31250        
-0.09375       
0.28125        
0.40625        
0.31250        
0.25000        
0.09375        
0.09375        
0.37500        
0.25000        
0.28125        
0.15625        
0.37500        
0.53125        
0.18750        
0.46875        
0.25000        
0.09375        
0.18750        
0.12500        
0.56250        
0.37500        
0.03125        
0.15625        
0.34375        
0.28125        
0.12500        
0.34375        
0.50000        
0.25000        
0.03125        
0.18750        
0.12500        
0.31250        
0.40625        
0.43750        
0.09375        
0.06250        
0.34375        
0.34375        
0.50000        
0.28125        
0.18750        
0.59375        
0.06250        
0.09375        
0.37500        
0.46875        
0.00000        
0.09375        
0.37500        
0.50000        
0.12500        
0.31250        
0.46875        
0.40625        
-0.09375       
0.09375        
0.31250        
0.31250        
0.06250        
0.03125        
0.15625        
0.40625        
0.03125        
0.43750        
0.40625        
0.09375        
0.37500        
0.06250        
0.21875        
0.18750        
0.12500        
0.53125        
0.62500        
0.18750        
0.31250        
0.34375        
0.34375        
0.12500        
0.03125        
0.34375        
0.43750        
0.03125        
0.06250        
0.37500        
0.34375        
-0.03125       
0.18750        
0.43750        
0.25000        
-0.12500       
-0.06250       
0.43750        
0.31250        
-0.12500       
0.31250        
0.31250        
0.09375        
0.03125        
0.28125        
0.53125        
0.21875        
0.09375        
0.43750        
0.43750        
0.09375        
0.15625        
0.43750        
0.15625        
-0.15625       
-0.03125       
0.37500        
0.34375        
0.15625        
0.21875        
0.37500        
0.03125        
0.06250        
0.43750        
0.68750        
0.21875        
-0.12500       
0.28125        
0.34375        
-0.15625       
0.09375        
0.50000        
0.43750        
-0.15625       
0.15625        
0.53125        
0.18750        
0.28125        
0.37500        
0.25000        
-0.06250       
-0.18750       
0.46875        
0.46875        
-0.03125       
0.15625        
0.25000        
0.09375        
0.12500        
0.31250        
0.50000        
0.15625        
-0.18750       
0.31250        
0.21875        
-0.15625       
0.18750        
0.53125        
0.46875        
-0.06250       
-0.06250       
0.53125        
0.31250        
0.03125        
0.28125        
0.56250        
0.09375        
-0.09375       
0.31250        
0.37500        
0.00000        
0.15625        
0.50000        
0.18750        
-0.12500       
0.06250        
0.15625        
0.00000        
-0.06250       
0.43750        
0.56250        
0.06250        
-0.18750       
0.28125        
0.50000        
0.09375        
0.03125        
0.50000        
0.25000        
0.06250        
0.12500        
0.37500        
0.53125        
-0.06250       
0.03125        
-0.03125       
0.12500        
0.09375        
0.18750        
0.46875        
0.34375        
-0.03125       
0.15625        
0.25000        
0.09375        
0.12500        
0.21875        
0.21875        
-0.21875       
0.03125        
0.46875        
0.56250        
0.40625        
0.18750        
0.18750        
0.03125        
-0.06250       
0.28125        
0.40625        
0.28125        
-0.09375       
-0.06250       
0.34375        
0.25000        
0.18750        
0.28125        
0.28125        
0.31250        
-0.15625       
0.15625        
0.15625        
0.21875        
0.31250        
0.37500        
0.37500        
-0.06250       
-0.21875       
0.34375        
0.09375        
0.15625        
0.25000        
0.50000        
0.56250        
0.21875        
0.34375        
0.31250        
-0.06250       
0.00000        
0.12500        
0.50000        
0.09375        
-0.06250       
0.46875        
0.40625        
0.15625        
0.09375        
0.40625        
0.40625        
-0.06250       
0.28125        
0.25000        
0.18750        
0.15625        
0.31250        
0.37500        
0.18750        
0.06250        
0.34375        
0.18750        
0.06250        
-0.12500       
0.18750        
0.40625        
0.40625        
0.46875        
0.28125        
-0.03125       
-0.12500       
-0.06250       
0.50000        
0.21875        
0.06250        
0.31250        
0.12500        
0.03125        
0.28125        
0.21875        
0.53125        
0.00000        
0.03125        
-0.06250       
0.28125        
0.50000        
0.40625        
0.46875        
0.25000        
0.31250        
0.34375        
-0.06250       
0.28125        
0.37500        
-0.03125       
0.00000        
0.25000        
0.93750        
0.43750        
-0.03125       
0.65625        
0.28125        
0.18750        
-0.18750       
0.25000        
0.78125        
-0.09375       
0.12500        
0.34375        
0.34375        
0.25000        
0.28125        
0.40625        
0.09375        
-0.12500       
0.43750        
0.56250        
0.18750        
0.21875        
0.43750        
0.56250        
-0.12500       
0.15625        
0.50000        
0.18750        
-0.18750       
-0.06250       
0.78125        
0.53125        
0.21875        
0.59375        
0.46875        
0.00000        
-0.25000       
0.31250        
0.78125        
-0.03125       
-0.06250       
0.37500        
0.34375        
0.03125        
0.28125        
0.93750        
0.46875        
-0.34375       
0.09375        
0.68750        
0.15625        
-0.06250       
0.62500        
0.87500        
0.03125        
-0.31250       
0.37500        
0.71875        
0.15625        
-0.25000       
0.53125        
0.59375        
0.12500        
0.28125        
0.65625        
0.62500        
-0.21875       
0.03125        
0.50000        
0.37500        
-0.03125       
0.28125        
0.75000        
0.37500        
-0.06250       
0.50000        
0.46875        
0.28125        
-0.12500       
0.40625        
0.59375        
0.06250        
0.12500        
0.71875        
0.43750        
0.09375        
0.15625        
0.68750        
0.53125        
-0.28125       
0.06250        
0.46875        
0.37500        
0.18750        
0.75000        
0.84375        
0.21875        
0.00000        
0.18750        
0.59375        
0.43750        
0.06250        
0.31250        
0.53125        
0.06250        
0.00000        
0.56250        
0.87500        
0.37500        
-0.03125       
0.18750        
0.43750        
0.28125        
0.28125        
0.75000        
0.40625        
0.12500        
0.03125        
0.31250        
0.40625        
0.25000        
0.31250        
0.43750        
0.28125        
0.18750        
0.71875        
0.68750        
0.34375        
0.28125        
0.31250        
0.21875        
-0.09375       
0.31250        
0.87500        
0.78125        
-0.06250       
0.06250        
0.56250        
0.40625        
0.03125        
0.31250        
0.43750        
0.43750        
0.06250        
0.34375        
0.68750        
0.18750        
0.28125        
0.46875        
0.62500        
0.18750        
0.00000        
0.18750        
0.34375        
0.06250        
0.62500        
0.81250        
0.50000        
0.34375        
0.18750        
0.43750        
0.18750        
0.21875        
0.87500        
0.43750        
0.12500        
0.06250        
0.43750        
0.53125        
0.25000        
0.40625        
0.62500        
0.28125        
0.18750        
0.43750        
0.68750        
0.65625        
0.09375        
0.40625        
0.37500        
0.21875        
0.34375        
0.53125        
0.62500        
0.21875        
0.34375        
0.56250        
0.56250        
0.50000        
0.59375        
0.59375        
-0.12500       
-0.12500       
0.62500        
0.71875        
0.28125        
0.37500        
0.75000        
0.62500        
-0.06250       
0.40625        
0.87500        
0.56250        
0.12500        
0.34375        
0.96875        
0.62500        
0.09375        
0.59375        
0.90625        
0.37500        
0.00000        
0.59375        
0.65625        
0.25000        
0.18750        
0.50000        
0.50000        
0.65625        
0.62500        
0.81250        
0.37500        
0.18750        
0.43750        
0.81250        
0.46875        
0.25000        
0.62500        
0.81250        
-0.06250       
0.40625        
0.78125        
0.75000        
0.34375        
0.03125        
0.78125        
0.75000        
0.06250        
0.65625        
0.87500        
0.40625        
0.18750        
0.53125        
0.87500        
0.31250        
0.28125        
0.40625        
0.40625        
0.34375        
0.28125        
0.93750        
0.90625        
0.28125        
0.46875        
0.43750        
0.56250        
