3.125Hz,15000
0.00358        
0.00000        
-0.21398       
-0.62346       
-0.28968       
0.01192        
0.01490        
0.01669        
-0.32902       
-0.10610       
0.01490        
0.01550        
-0.43094       
-0.04828       
0.00954        
0.00894        
-0.26047       
0.01609        
0.01013        
-0.57459       
0.00596        
-0.24855       
0.00834        
0.01013        
0.01788        
-0.36895       
-0.25809       
0.00536        
0.01431        
0.00834        
-0.06914       
-0.29087       
0.00656        
0.00417        
-0.01788       
-0.03994       
0.00715        
0.00775        
-0.38803       
0.01073        
-0.51200       
-0.33438       
0.00060        
-0.05305       
0.00060        
0.02027        
0.02801        
0.00238        
-0.05066       
-0.42737       
0.00596        
0.00894        
0.00775        
-0.10133       
0.01550        
0.00536        
0.01907        
0.02325        
0.02742        
0.01132        
0.00298        
-0.46730       
0.01788        
0.00000        
0.00179        
-0.04053       
-0.80943       
-0.36120       
0.01252        
0.01252        
-0.05364       
0.00656        
0.00358        
0.00656        
0.01311        
0.01132        
-0.20444       
-0.27955       
0.00954        
0.00834        
0.01907        
0.02086        
-0.04947       
-0.24021       
-0.17762       
0.02682        
-0.81480       
-0.56267       
-0.14603       
0.01073        
-0.08345       
-0.51498       
0.01013        
0.00238        
-0.01729       
-0.39339       
0.01192        
0.02027        
-0.09060       
0.00238        
0.01490        
0.01431        
-0.26762       
-0.02801       
0.02205        
0.01252        
-0.09537       
-0.42379       
-0.58770       
-0.10490       
-0.00536       
0.00536        
-0.05543       
-0.03755       
-0.10490       
0.01073        
-0.25511       
0.00596        
0.01729        
0.00775        
0.00954        
0.00894        
0.01013        
0.01848        
0.00954        
-0.10669       
0.00060        
0.00238        
-0.27657       
-0.00536       
-0.18835       
0.00298        
-0.29802       
-0.03934       
0.01729        
-0.06855       
-0.71585       
-0.40054       
0.00596        
-0.37968       
-0.37432       
0.00000        
-0.46432       
0.00656        
-0.59962       
-0.38505       
-0.13113       
-0.65744       
-1.20461       
-0.91970       
-0.48578       
-0.41962       
0.00000        
-0.18179       
-0.22948       
-0.20027       
-0.91851       
0.00417        
0.01311        
-0.46492       
-0.11504       
-0.88990       
-0.23484       
-0.22233       
-0.74327       
-0.84758       
-0.07331       
-0.40591       
-0.57638       
0.00238        
-0.08464       
-0.47982       
-0.59366       
-0.30637       
-0.43869       
0.01132        
-0.00834       
-0.08762       
-0.58711       
-0.63777       
-0.12398       
-0.12517       
-0.58770       
-0.30100       
-0.26345       
-0.97573       
-0.69857       
-0.12279       
-0.58651       
0.00000        
-0.28789       
-0.34094       
-0.12577       
-0.17107       
-0.35226       
-0.24855       
0.00834        
0.00417        
0.00715        
-0.11623       
-1.16765       
-0.55313       
-0.15080       
-0.46790       
-0.28551       
-0.50008       
-0.24736       
0.01431        
0.00596        
-0.48459       
0.00238        
-1.04189       
-0.72300       
-0.39220       
-0.26643       
0.01013        
0.00179        
-0.56267       
-0.11742       
0.00000        
-0.00179       
-0.12457       
-0.35644       
-0.07391       
0.01371        
-0.08285       
-0.39518       
-0.55969       
-0.60320       
0.01252        
0.01192        
0.00119        
-0.81003       
0.02205        
0.01729        
-0.26464       
-0.25988       
-0.43452       
0.00715        
-0.03755       
0.00536        
0.02444        
0.01013        
-0.30100       
-0.53644       
-0.35107       
0.00417        
-0.24021       
-0.34034       
0.03099        
0.00775        
0.01252        
0.01311        
-0.35584       
0.02384        
-0.20206       
0.02086        
0.00715        
-0.15140       
0.00834        
-0.04709       
0.02861        
0.01729        
0.01192        
0.00298        
0.00596        
-0.57757       
0.00477        
0.01192        
0.01431        
0.00834        
0.01431        
0.01073        
0.00477        
0.00000        
-0.59128       
0.00894        
-0.25868       
-0.25988       
-0.19252       
0.01609        
0.02086        
0.00119        
-0.63181       
-0.37491       
-0.49472       
0.00536        
0.01073        
0.00954        
-0.03338       
0.00119        
0.00060        
0.00656        
-0.82433       
0.01013        
-0.63300       
-0.57042       
-0.06199       
-0.16809       
-0.01490       
0.00060        
0.01550        
-0.59009       
-0.55790       
0.00238        
-0.27239       
-0.55909       
0.01132        
-0.94831       
0.02623        
-0.00834       
-0.00179       
-0.10312       
-0.15557       
-0.39518       
-0.24378       
0.00179        
-0.15140       
-0.28849       
0.01371        
0.00417        
0.00060        
-0.07510       
-0.13292       
0.02086        
0.02265        
0.01550        
-0.18120       
0.01371        
-0.08881       
-0.31292       
-0.13411       
-0.05901       
-0.18835       
0.00656        
0.01669        
0.00954        
0.00298        
-0.41544       
0.00358        
0.01073        
-0.00358       
-0.33259       
0.01490        
0.01073        
-0.09775       
-0.19670       
-0.19133       
0.01073        
0.00238        
-0.05305       
0.01907        
0.00954        
0.00060        
0.01729        
-0.12577       
0.02444        
-0.18358       
-0.28074       
0.01788        
0.00596        
-0.63002       
0.01669        
-0.00179       
-0.14365       
0.00894        
0.00775        
-0.20087       
-0.11265       
-0.26405       
-0.33677       
0.00417        
-0.09477       
-0.51916       
0.00000        
-0.18001       
-0.52392       
-0.22471       
0.00238        
0.00179        
-0.02086       
0.00417        
0.01073        
0.00834        
0.01729        
-0.00179       
-0.04649       
0.00656        
-0.75102       
-0.36061       
0.00358        
0.00179        
0.00000        
-0.78380       
-0.17285       
-0.45717       
0.01371        
0.01788        
0.00775        
-0.49949       
0.00238        
-0.25690       
-0.04590       
-0.31888       
0.00060        
-0.20862       
-0.67770       
-0.43511       
-0.18120       
-0.34094       
0.01013        
-0.18418       
-0.76890       
-0.64790       
0.01669        
0.00656        
0.00775        
-0.36418       
0.00298        
0.01967        
0.02682        
0.01192        
-0.36061       
-0.34928       
-0.82791       
-0.28610       
0.01371        
0.00596        
0.02027        
-0.24021       
0.00119        
0.01192        
-0.10312       
-0.13590       
0.00477        
0.00834        
0.01371        
-0.73791       
0.00179        
0.01311        
0.02325        
0.01550        
-0.19431       
0.00417        
0.00358        
0.01132        
0.01311        
0.00715        
0.00894        
0.00358        
0.01609        
-0.07093       
0.00000        
-0.16093       
0.02384        
0.00358        
-0.24617       
0.00000        
0.00715        
0.01192        
0.00298        
-0.02861       
-0.37491       
-0.15140       
0.01013        
0.00477        
0.01431        
0.00477        
-0.36716       
0.00358        
0.01729        
0.01907        
0.00417        
0.00179        
-0.28193       
0.00417        
0.01609        
0.00060        
-0.47326       
0.00238        
-0.39160       
0.00179        
-0.06497       
0.00298        
0.00000        
-0.15914       
-0.29325       
0.00954        
0.00179        
-0.02146       
0.01013        
-0.07808       
-0.53167       
0.00000        
-0.46790       
-0.36597       
-0.48697       
-0.82910       
-1.04964       
-0.18358       
-0.00298       
-0.20802       
0.00775        
0.01848        
-0.04351       
0.00179        
-0.54777       
0.00656        
-0.01311       
-0.29266       
0.00417        
-0.13351       
-0.07689       
-0.89407       
-0.22948       
-0.24557       
-0.01431       
0.00596        
-0.43869       
-0.34094       
-0.11802       
0.00060        
-0.94354       
-0.70930       
-0.45478       
-0.55969       
-0.48637       
-0.06855       
-0.89467       
-0.40829       
-0.53465       
-0.11623       
-0.44286       
-0.52214       
-1.02103       
-0.37193       
0.01788        
-0.22531       
-0.74804       
-0.47565       
-0.23127       
-1.01745       
-0.36955       
-0.01252       
-0.36120       
-0.59128       
0.00000        
-0.07033       
0.00536        
-0.60976       
-1.29044       
-1.01030       
-0.31352       
0.01609        
-0.26584       
-0.13411       
-0.37074       
0.01252        
-0.33259       
-0.10610       
-0.46432       
-0.48697       
-0.22888       
-0.09239       
0.00417        
-0.08523       
0.00417        
0.00417        
-0.45121       
-0.07927       
-0.27418       
-0.10133       
-0.03159       
0.00954        
-0.09716       
-0.35405       
-0.25272       
0.00894        
0.00834        
0.00119        
0.02146        
0.00119        
-0.19729       
-0.42260       
-0.38564       
-0.05424       
0.00715        
-0.08523       
0.02563        
0.01132        
-0.26226       
0.02325        
-0.36478       
0.00298        
-0.08821       
-0.18418       
-0.47982       
0.00417        
0.01967        
0.00656        
0.00477        
-0.05960       
-0.24855       
-0.12040       
0.00477        
-0.73493       
-0.49055       
0.01073        
0.01609        
-0.00656       
0.00417        
-0.12100       
0.00298        
0.00358        
-0.26226       
-0.33915       
-0.71883       
-0.12100       
0.00298        
0.00656        
0.01669        
0.00298        
-0.08285       
0.00536        
0.01311        
0.01848        
0.00179        
-0.54717       
-0.01967       
0.01907        
0.00298        
-0.39101       
-0.25570       
0.00298        
0.01431        
0.01371        
-0.20683       
-0.30279       
0.00417        
0.02205        
-0.37074       
-0.15497       
0.00119        
0.00000        
0.00656        
0.00894        
0.02146        
0.01132        
0.02205        
0.00477        
0.01550        
-0.05960       
0.00179        
-0.02325       
-0.11146       
-0.18835       
-0.09120       
0.00894        
-0.08762       
-0.55075       
0.01848        
-0.22709       
0.03040        
0.00298        
-0.07272       
-0.01669       
0.00060        
0.00060        
0.00060        
0.00536        
0.00894        
0.02623        
-0.24557       
-0.23723       
-0.56982       
-0.32961       
-0.45657       
-0.44525       
-0.49651       
0.00179        
-0.20802       
-0.14961       
0.01132        
0.01073        
-0.31888       
0.00834        
-0.10490       
0.00358        
-0.33617       
0.01192        
0.00656        
0.01371        
-0.27776       
0.00596        
0.01729        
-0.16928       
-0.20087       
-0.12577       
-0.03695       
-0.12815       
0.01431        
-0.30160       
-0.30577       
-0.41544       
0.00238        
-0.57340       
-0.02384       
-0.16689       
0.00119        
-0.41723       
-0.21398       
-0.18060       
-0.14365       
0.00119        
0.02086        
0.00119        
-0.13173       
0.00775        
0.00775        
-0.54479       
-0.33736       
-0.28193       
0.00775        
0.00715        
-0.54419       
-0.49233       
-0.79572       
-1.05023       
-0.11504       
0.01550        
-0.25570       
-0.40531       
-0.66102       
-0.77844       
-0.64552       
0.00000        
-0.10014       
-0.15259       
0.00238        
0.00715        
-0.16034       
0.00656        
-0.10014       
-0.15438       
-0.33319       
-0.20981       
0.00298        
-0.37611       
-0.83685       
-0.54896       
-0.12338       
0.01132        
-0.63837       
-0.13590       
0.00179        
-0.36478       
-0.43213       
0.01907        
0.00179        
0.00358        
0.01073        
0.00000        
-0.53346       
0.00775        
0.01192        
0.00715        
-0.04649       
-0.15497       
-0.48280       
-0.12279       
0.00298        
-0.86129       
-0.35286       
-0.14067       
-0.18120       
0.00358        
0.01371        
-0.64552       
-0.34451       
-0.09775       
0.00894        
-0.11563       
-0.02503       
0.00298        
-0.48518       
-0.59783       
-1.05321       
-0.70572       
-0.43511       
0.01431        
-0.35286       
0.00894        
-0.36240       
-0.14007       
-0.29624       
0.00417        
-0.00536       
-0.44227       
-0.21040       
0.01669        
-0.07391       
0.00358        
0.01550        
0.01729        
-0.01013       
0.01132        
0.02027        
-0.22113       
0.00715        
-0.28074       
0.00060        
0.03278        
-0.04947       
-0.03815       
-0.61750       
-0.28789       
-0.26762       
-0.27239       
-0.28849       
0.00477        
0.00060        
0.00060        
0.00894        
0.00238        
-0.48637       
0.00238        
-0.10729       
0.01192        
0.00715        
0.03397        
0.00715        
0.01490        
-0.00417       
-0.66280       
0.01192        
0.03099        
0.02563        
-0.36180       
0.00715        
0.01490        
0.00477        
0.00536        
0.00119        
0.00358        
-0.27359       
0.03517        
0.01192        
0.01252        
0.00119        
-0.46492       
-0.10431       
-0.18597       
0.01490        
0.01431        
0.01311        
0.01013        
-0.43213       
0.00060        
0.00000        
-0.45896       
0.00477        
0.00656        
0.02205        
-0.08464       
0.01669        
0.00536        
0.01609        
-0.04351       
-0.20444       
0.00536        
0.00298        
0.02027        
-0.38743       
-0.08881       
0.01073        
0.02384        
-0.20623       
0.00656        
0.00715        
-0.13351       
-0.08464       
0.00358        
-0.10014       
-0.51260       
-0.50068       
-0.31829       
-0.19431       
-0.58889       
0.00536        
0.00000        
-0.39220       
-0.55969       
0.01311        
0.00358        
0.02146        
-0.53704       
-0.46253       
0.00119        
-0.08881       
0.01550        
0.00656        
-0.14424       
0.00536        
0.00656        
-0.11802       
-0.14365       
-0.30160       
-0.47028       
-0.57936       
-0.42021       
0.00596        
-0.05543       
0.00179        
-0.30994       
0.02861        
0.00179        
0.00000        
0.01132        
0.02027        
0.00954        
0.01132        
0.01788        
0.00954        
-0.05245       
0.01609        
0.01669        
0.00119        
0.01609        
0.01550        
-0.50008       
0.01550        
-0.26166       
0.01192        
-0.22650       
-0.66757       
0.00477        
-0.04828       
0.00834        
-0.49949       
-0.36597       
-0.03636       
0.00477        
-0.05841       
-0.22054       
0.01729        
0.01073        
-0.48637       
0.00119        
-0.38147       
-0.30339       
0.00894        
0.00477        
0.00417        
-0.05245       
0.00238        
0.00417        
-0.03695       
-0.60320       
-0.29504       
0.01132        
-0.29624       
0.01550        
-0.15795       
-0.18239       
0.01788        
0.00238        
0.00715        
0.00954        
0.00775        
-0.37372       
0.00656        
0.01192        
0.00715        
0.00834        
-0.27597       
0.01788        
0.00417        
0.00417        
0.01371        
0.02801        
-0.70333       
0.00119        
0.02921        
0.02205        
-0.07153       
0.01073        
0.00775        
0.00119        
0.01609        
0.02623        
-0.16212       
-0.45598       
0.01311        
0.01192        
-0.19193       
0.01311        
0.02742        
0.00656        
0.01132        
0.01431        
0.01252        
0.02205        
0.00179        
0.00834        
0.01729        
0.00894        
0.00656        
0.01490        
0.02742        
0.01371        
-0.21577       
0.00477        
0.01073        
-0.03338       
0.00119        
-0.06139       
0.00894        
-0.34153       
0.00298        
0.01907        
0.00656        
-0.36776       
-0.06855       
0.00000        
0.00179        
-0.14961       
-0.18179       
0.00656        
0.01967        
0.01609        
0.00000        
-0.01252       
-0.26286       
-0.91910       
-0.13947       
-0.05603       
-0.10073       
0.00179        
0.00119        
-0.19193       
0.01013        
0.01073        
0.01013        
0.02563        
0.00894        
-0.19908       
-0.23246       
0.00536        
-0.13888       
-0.77426       
-0.11444       
-0.33557       
0.00954        
-0.27955       
0.01669        
0.01073        
0.03397        
0.02384        
0.00894        
0.02861        
0.00119        
-0.34869       
0.02980        
0.00179        
-0.12457       
-0.55790       
-0.34630       
0.01729        
-0.15974       
-0.03994       
-0.03874       
-0.01013       
-0.82910       
-0.86784       
-0.18001       
-0.79870       
-0.58174       
-0.36716       
0.00179        
0.02146        
-0.58770       
0.00238        
0.01013        
0.01073        
-0.04411       
0.01848        
0.01311        
0.01431        
0.00954        
0.01371        
0.00954        
0.00477        
-0.05245       
-0.48816       
0.00775        
-0.11742       
-0.61572       
-0.57340       
0.02503        
-0.18954       
-0.50724       
-1.03414       
-0.03338       
0.01013        
0.00358        
-0.10312       
-0.08881       
-0.32306       
-0.42439       
0.00358        
0.00894        
-0.11504       
0.00238        
0.01490        
0.00536        
-0.01967       
0.00954        
0.00238        
-0.73910       
-0.40710       
0.00417        
0.00358        
0.01252        
-0.07868       
-0.39399       
-0.19968       
0.01788        
0.00119        
-0.09418       
-0.20146       
-0.28133       
-0.42260       
-0.12159       
-0.01431       
0.01073        
0.00834        
-0.13769       
0.00477        
0.00775        
0.00060        
0.00179        
-0.27299       
0.01669        
-0.02265       
-0.06378       
-0.09120       
0.01371        
-0.56863       
0.00954        
0.02742        
0.00775        
0.00119        
0.00060        
-0.20146       
0.01788        
0.01788        
-0.25094       
-0.36597       
-0.40591       
-0.12577       
0.00656        
0.00417        
-0.20206       
0.00954        
0.00834        
-0.24259       
0.00954        
0.01311        
0.00477        
-0.17405       
0.01490        
0.00060        
-0.05364       
-0.06616       
-0.40948       
0.01013        
0.00000        
0.02801        
0.00894        
0.01550        
-0.00715       
-0.01073       
-0.40054       
0.00477        
-0.25928       
-0.33677       
-0.20385       
0.00000        
-0.04292       
0.00000        
-0.25749       
-0.32067       
0.00954        
0.00954        
-0.26286       
0.00417        
0.01073        
0.00954        
0.00656        
0.00298        
