25Hz,30000
-8.71778       -9.62436       
-6.17325       -4.78804       
3.38554        6.30975        
-0.74267       -1.94967       
-8.75831       -11.08468      
0.02682        -0.82195       
11.19018       13.78477       
-3.25441       -4.42445       
-9.94623       -12.19809      
4.87506        3.93867        
6.30915        4.13835        
3.68714        1.44720        
-3.72171       -5.74887       
3.40402        4.69327        
-2.20120       -1.91033       
-14.94765      -18.22352      
-12.84957      -14.46247      
-3.06606       -2.67506       
-5.13911       -7.48813       
-11.70099      -15.14196      
-6.76870       -8.52466       
4.14312        5.24700        
-6.78003       -7.22051       
-16.85202      -18.17346      
1.82927        3.64602        
4.71234        6.64890        
-6.99818       -7.61032       
-9.20951       -9.84132       
4.93050        5.87940        
1.67131        1.44720        
-12.16412      -13.89921      
-4.70936       -3.37124       
6.78182        10.92076       
-0.73671       0.68724        
-11.23369      -13.54396      
2.13206        1.78039        
13.34608       15.53237       
2.71082        0.57280        
-9.05931       -13.02183      
-0.27657       1.58787        
15.18071       25.16568       
1.71840        8.17418        
-2.13146       0.98050        
13.21852       20.01882       
4.16815        7.39694        
-6.23941       -7.81238       
-5.93126       -9.34899       
0.94831        -2.45690       
-1.29282       -5.53370       
-14.09829      -20.56599      
-2.07067       -5.39303       
7.89821        6.17087        
0.34153        -1.99020       
-1.38223       -3.74079       
5.96285        3.98576        
4.97460        1.41025        
-6.01232       -11.49893      
-5.75662       -9.30190       
0.66340        1.18732        
2.81513        4.29630        
-6.67214       -5.15044       
-4.34756       -1.37627       
6.58035        11.97100       
-1.93655       0.79751        
-4.25875       -4.40300       
5.20885        6.39081        
7.47144        7.29144        
2.95520        2.79546        
-2.65419       -3.61621       
-2.58267       -0.40531       
4.55141        9.35137        
-4.50373       -1.56879       
-4.92513       -2.69413       
-1.15991       1.87397        
2.35260        3.53575        
1.89304        0.28849        
-2.40803       -5.35429       
-0.71824       -2.81632       
-1.68860       -3.23653       
-6.47187       -10.54108      
-3.47376       -4.94242       
-0.97215       -0.56684       
-0.57518       0.62764        
1.20580        -0.67353       
-3.22461       -6.18696       
1.15991        -1.50144       
-5.57542       -8.24809       
-6.92725       -9.61244       
2.49684        2.33948        
0.50366        0.93520        
-3.15666       -2.30014       
-0.27299       2.35498        
-0.02086       1.54734        
-1.52290       1.02699        
1.35422        2.89917        
6.62506        6.43969        
8.45790        4.68433        
4.39525        2.21372        
4.99964        5.04434        
-4.07398       -2.95043       
1.55210        3.29077        
4.84586        6.67691        
4.19021        5.57721        
-2.01106       -2.11239       
-0.72896       -0.01013       
0.80109        0.66996        
0.52452        -1.69814       
-3.89874       -7.80046       
0.52989        -0.25451       
4.25637        4.40657        
-2.18570       -2.06351       
-4.76182       -4.44531       
-0.22948       1.58012        
4.54664        3.13461        
-5.87821       -9.00269       
-5.01156       -6.65307       
4.39405        6.99341        
3.91066        9.40502        
-8.90613       -4.36306       
-3.96788       0.13769        
2.70307        7.14540        
-0.85056       2.82347        
-10.16974      -9.40681       
-5.49316       -5.14150       
3.06129        3.30150        
-6.41882       -8.41260       
-9.05752       -10.99348      
1.45137        3.81887        
6.45041        10.72705       
-6.48260       -6.33538       
-9.95874       -11.29866      
7.39932        10.01358       
2.17140        2.52545        
-9.48012       -12.76374      
-0.99897       -2.87116       
12.57002       13.67509       
0.12577        1.40071        
-10.28359      -10.75923      
-1.13904       0.29624        
11.05785       13.57138       
0.86069        0.47088        
-8.28266       -10.70380      
-1.42574       -2.71797       
2.39432        1.58310        
-8.81314       -12.30717      
-8.16524       -12.46154      
6.78837        6.71446        
7.29978        8.14974        
-4.51267       -5.87702       
-3.29912       -1.70529       
6.83010        11.02507       
2.82288        5.24521        
-8.31962       -8.35061       
-1.37925       -0.14603       
7.64787        9.54449        
-1.36554       -1.93179       
-9.90748       -11.99543      
-1.06812       1.06812        
7.73728        13.19885       
-4.19438       -2.31087       
-7.32958       -5.76496       
2.00272        5.51224        
1.67727        2.27630        
-7.82073       -9.67681       
-4.78864       -5.01394       
6.78122        10.15544       
3.25382        5.57899        
-6.40869       -6.79016       
-0.05722       1.37329        
9.52959        14.65082       
5.83887        9.91404        
0.45121        0.02325        
13.78298       12.60340       
25.03455       22.83394       
19.27972       17.97795       
-1.50263       -2.07007       
-13.08501      -12.48121      
-11.68549      -9.50277       
-10.45704      -6.43611       
-9.79185       -5.65350       
-10.76221      -7.06017       
-7.61211       -3.82006       
-6.52313       -2.75075       
-7.20441       -4.32372       
-5.34952       -2.62082       
-2.20120       -0.96858       
-4.58360       -5.57005       
-5.46634       -5.82099       
-5.50568       -4.53949       
-1.35779       -0.76532       
0.52154        1.07527        
4.53651        5.81801        
4.08888        2.50936        
3.05653        -1.56701       
5.40137        1.79350        
6.02961        4.80652        
4.89712        4.50075        
0.81360        0.16630        
-0.74089       -1.08659       
-0.85175       -0.27478       
-0.80347       -2.15292       
-6.80447       -12.25591      
-15.32555      -23.25058      
7.76291        -0.53406       
17.85934       11.14964       
-1.77443       -8.89361       
5.32150        3.43323        
1.20580        0.30160        
-0.14961       -0.19789       
-0.89049       0.21100        
1.16527        2.61486        
-1.85907       -1.45674       
-2.81155       -2.23756       
-3.12805       -3.96729       
-2.57492       -3.98636       
1.20163        1.16348        
-3.19481       -0.26822       
-2.46048       0.15259        
-3.12805       -1.22070       
-4.75705       -4.04060       
-5.70297       -5.74112       
-3.35991       -3.51131       
-6.35147       -8.64029       
2.02179        -0.66757       
2.49863        -0.07629       
-5.56946       -7.57217       
-7.11441       -9.15527       
-2.21252       -3.33786       
3.56674        2.76566        
1.41144        1.69754        
-4.44412       -6.42776       
-0.07629       -2.67029       
1.52588        -0.45776       
-0.99182       -1.22070       
-9.23157       -8.16345       
-7.01904       -4.73022       
-5.34058       -2.78473       
-6.06537       -2.82288       
-9.42230       -6.33240       
-11.21521      -8.31604       
-5.82933       -2.22921       
-2.91407       -1.06752       
-4.40657       -4.39823       
-1.67847       -1.25885       
-1.04070       -0.24557       
3.75509        6.03616        
9.68933        13.19885       
1.79291        2.17438        
-6.00815       -6.80923       
5.39899        6.56486        
7.07984        6.27160        
-1.27673       -5.69642       
0.91791        -4.59731       
8.41916        5.36323        
1.71840        -0.90480       
-12.35962      -16.26968      
-12.95090      -14.30511      
-0.76652       2.02477        
-3.53694       -3.79324       
-11.06739      -14.29439      
-3.09169       -5.39780       
3.21925        2.10404        
-5.75244       -9.87768       
-8.88824       -13.30078      
3.01361        2.93732        
4.31061        6.46591        
-1.51753       -1.15037       
-1.91808       -0.77486       
10.66327       14.79685       
5.49316        8.02994        
-3.32594       -4.03523       
1.46747        1.76847        
7.64847        9.30786        
0.09537        -0.38147       
-7.85828       -8.48770       
0.32425        2.67029        
6.06656        9.24170        
-2.61962       -2.98142       
-9.23157       -11.15799      
2.65121        2.28882        
6.86884        5.83053        
-8.08716       -13.12256      
-8.64029       -13.80920      
7.72476        6.38962        
4.50313        2.33054        
-8.62598       -12.21180      
-5.60462       -6.98030       
9.54509        11.46793       
4.19438        2.87235        
-3.66211       -11.31058      
14.11438       8.62122        
23.34595       20.14160       
-4.19617       -8.67844       
-20.29419      -22.44949      
-15.21409      -13.95941      
-2.05100       -2.39789       
-6.91414       -11.59430      
-15.91444      -21.58403      
3.29852        3.29673        
6.11663        6.59525        
