25Hz,30000
-35.72881      -33.21111      
-1157.83811    -772.12930     
-4932.91736    -2962.43191    
-6588.41252    -4727.32961    
-4383.94248    -3919.36421    
-1953.76098    -2114.67445    
-776.39699     -1147.32683    
-353.45912     -705.16169     
-182.78956     -462.45396     
-113.48307     -328.89247     
-54.38447      -222.07320     
-32.24492      -163.75899     
-50.58289      -152.45438     
-31.45814      -110.74424     
-15.46800      -77.64518      
-19.26780      -70.54865      
-31.50940      -71.77353      
-22.34340      -55.48835      
-2.70903       -29.91557      
-18.71109      -41.14151      
-36.29506      -52.05095      
-9.55403       -21.50297      
-4.33624       -15.39588      
-11.67297      -21.76285      
-15.20157      -22.88818      
2.83778        -2.32100       
3.50952        -1.58310       
-13.16071      -17.64297      
-15.98358      -18.55850      
-0.61035       -2.57492       
-3.35872       -7.37548       
-22.44949      -24.05167      
-12.83467      -12.29465      
6.12319        6.60598        
-5.03540       -5.47409       
-16.90567      -16.04497      
0.68069        2.11179        
3.55065        3.53992        
-15.06329      -15.90550      
-18.49353      -19.49131      
7.30336        5.08606        
8.74341        5.59330        
-14.99772      -16.95395      
-13.78357      -13.51237      
6.37770        7.64251        
-0.99897       -0.90301       
-17.91894      -18.13233      
-13.58747      -12.97951      
4.60207        6.14405        
-12.99918      -12.82573      
-26.73447      -25.70868      
-5.68748       -3.22461       
-0.30637       1.36673        
-12.21657      -10.49340      
-14.93454      -12.64513      
-1.25051       0.37432        
7.81596        7.98285        
-6.54221       -7.29501       
-13.10050      -13.51774      
3.72648        4.05014        
-0.83089       -1.34051       
-13.52251      -11.58714      
-13.09037      -8.87156       
-3.49104       -0.43511       
-6.87659       -4.62413       
-17.33601      -15.34104      
-6.83010       -5.33044       
1.88053        2.46108        
-12.96997      -13.04626      
-9.23574       -11.05666      
-0.99421       -3.36170       
2.29478        0.29504        
-5.55873       -7.10785       
-10.83493      -9.90272       
-5.83112       -3.03328       
-7.00653       -6.05047       
-14.47141      -15.23972      
-14.73963      -14.82725      
-6.00100       -6.50823       
-3.14713       -5.26428       
-5.08368       -8.20756       
-3.28958       -4.39227       
3.36885        3.91543        
-7.05540       -6.41942       
-11.86728      -11.61933      
-4.89414       -5.26428       
2.16842        1.40071        
-2.41816       -3.84867       
-10.83374      -11.53469      
-10.02431      -9.77814       
-0.27001       -0.06437       
5.56886        4.37498        
-8.64267       -8.10504       
-4.29213       -2.71261       
1.39356        1.74820        
-0.65207       -2.08795       
-11.94656      -12.98308      
-4.10378       -4.60804       
4.36723        1.21534        
14.85527       8.87573        
8.26657        2.83182        
-13.36277      -10.81765      
-25.25270      -19.12653      
-11.07931      -7.04229       
-19.55390      -17.58635      
-1.37269       -1.28508       
6.71208        4.36902        
-15.64324      -16.11054      
-13.38720      -12.46095      
-2.81632       -3.16918       
2.80380        1.83105        
-15.18428      -13.68761      
-14.42909      -10.63645      
0.17166        2.88010        
-2.53677       -1.81198       
-13.76033      -12.84599      
-0.78142       -0.80109       
6.73294        4.55856        
-1.37329       -2.05994       
-12.00318      -11.90543      
-4.63784       -2.50757       
2.70844        4.10080        
-10.07199      -8.80122       
-11.02626      -9.28044       
0.05722        1.12534        
11.47687       10.48446       
-5.16415       -7.47025       
-2.26259       -5.17309       
12.36677       9.15825        
11.38568       7.74503        
-2.39372       -4.89950       
1.59204        1.30475        
19.73748       19.37389       
9.30667        8.95143        
-7.15971       -8.73268       
2.13146        1.61588        
16.61599       15.79225       
1.59323        0.30518        
-5.68628       -6.27637       
13.08799       12.61652       
23.80908       23.98312       
-13.67152      -9.74536       
-18.20087      -12.51280      
12.89189       15.87868       
13.59344       13.06653       
-5.99384       -6.53744       
-6.78301       -6.11246       
10.18405       10.95772       
6.50108        6.86586        
-14.41002      -13.10766      
-6.65665       -3.49581       
13.69119       16.16955       
1.71185        2.41220        
-13.27991      -11.45482      
-0.47147       1.99318        
9.02355        9.59039        
-6.57976       -7.97093       
-17.77709      -18.37790      
-4.21464       -3.99888       
3.96073        3.34859        
-9.89854       -10.61797      
-12.11166      -10.87189      
6.48797        8.29995        
6.51360        6.19709        
-12.07650      -12.93600      
-11.41965      -10.82718      
8.90970        8.75294        
4.73976        3.67939        
-9.82046       -9.07540       
-3.09348       -0.53585       
6.88255        9.12189        
-3.90291       -2.11596       
-14.53102      -11.96623      
-3.22640       -0.17166       
9.01520        10.59592       
-6.02722       -6.99580       
-11.65390      -11.69443      
4.84765        5.05269        
6.69062        6.24061        
-8.71062       -8.41200       
-19.43588      -16.94739      
-16.89315      -13.31568      
-12.07769      -9.57251       
-11.42442      -10.61499      
-4.74513       -5.35965       
2.67029        0.89645        
6.20186        3.75807        
2.70486        0.71347        
-2.51770       -3.07083       
0.53406        1.62125        
3.31700        4.22657        
0.20981        1.50681        
-0.92804       0.23544        
3.50058        3.54409        
2.82466        2.03967        
-2.94507       -3.76403       
-5.80609       -6.70612       
-0.68545       -1.65284       
0.95904        0.16034        
1.71781        1.92821        
5.56529        6.18339        
11.75225       12.13670       
9.88066        9.95278        
2.38776        2.52724        
-2.93374       -2.20895       
-3.90053       -3.31283       
-4.42147       -5.33342       
-5.71012       -6.83725       
-4.59552       -4.33207       
-1.79648       -1.82033       
-2.20776       -2.64347       
-7.67171       -7.57813       
10.23531       6.19888        
0.84817        -1.24693       
-38.80858      -34.40738      
-15.47337      -12.19749      
1.96815        0.48339        
-1.34647       -4.94540       
2.23517        -0.37670       
-5.07891       -5.52058       
-0.74089       0.20623        
-3.31998       -2.89381       
-4.19974       -4.35948       
-1.06275       -1.96278       
-1.62244       -2.13981       
4.36008        2.79725        
-0.25570       -1.12474       
-1.24931       -0.60916       
1.75834        2.70784        
3.48687        3.56972        
-8.28087       -5.90205       
-4.25398       -0.92506       
1.93417        3.22104        
5.71012        4.33564        
2.71142        0.24557        
5.13196        2.57611        
5.20647        3.03388        
2.74777        2.38299        
4.75466        5.57005        
-0.83029       0.14603        
6.48260        5.96464        
0.77128        1.18077        
-1.34349       -0.74267       
5.93185        3.70860        
5.28574        2.09153        
8.02040        4.39107        
18.69082       15.07401       
8.24749        7.05421        
7.19070        8.93056        
-0.72479       2.02179        
-1.15454       1.45078        
-2.35617       -1.55330       
-17.99464      -17.12561      
-20.20359      -17.90106      
-2.61784       -1.42455       
1.19030        0.80466        
-11.57403      -11.45899      
-3.64065       -2.22206       
7.62641        9.57251        
-1.15037       -0.43154       
-12.47466      -10.72347      
-3.04461       0.33617        
-0.12457       1.41442        
-5.58436       -6.07491       
-5.01454       -5.79298       
14.98699       13.43131       
18.81897       15.97106       
-1.30951       -2.09808       
0.23007        2.28882        
13.49866       15.13541       
5.65827        6.05404        
-17.32349      -15.49065      
-2.07067       0.46372        
9.25839        11.57582       
-1.55926       -0.39637       
-13.50701      -11.71708      
0.37134        2.39074        
6.83904        7.36594        
-2.14159       -2.06709       
-11.33621      -10.46121      
6.06358        6.84321        
8.62420        7.08997        
-9.28402       -10.65254      
-8.94010       -8.61824       
10.69546       10.52916       
9.59754        7.63357        
-4.55439       -5.12838       
-0.33617       1.35481        
10.22339       12.04133       
9.60350        9.20475        
-14.06431      -12.92169      
-2.66671       0.31710        
11.12938       11.89590       
-2.45333       -4.02808       
-16.99388      -15.92577      
-7.37429       -4.69983       
6.71566        6.69181        
-14.39512      -17.11667      
-18.81540      -21.48688      
1.85490        0.10490        
