25Hz,30000
14.01067       11.58535       
1138.04221     711.17461      
4401.11101     2870.55314     
4667.30654     4581.77686     
3405.65741     3613.01601     
1894.84596     2035.91943     
788.06758      1171.22114     
331.86674      693.92800      
169.65210      454.05865      
102.86629      317.03889      
70.41574       231.14502      
49.89564       174.35670      
40.74216       138.18085      
34.76322       112.16521      
25.07210       86.47382       
21.29853       70.08374       
27.61602       67.04450       
16.66427       48.48242       
10.89215       38.07127       
16.30843       38.94746       
18.53526       38.80441       
13.48078       32.38261       
7.64906        23.60106       
16.05809       28.76103       
14.06550       23.77510       
-1.01388       6.84261        
1.68025        8.80897        
7.92384        12.73930       
-0.19431       3.69489        
3.92616        7.01845        
8.20816        10.73420       
16.88421       18.45837       
8.46803        9.76920        
2.47657        4.74453        
12.82394       15.07759       
11.72721       11.95312       
4.08232        3.46780        
8.55207        8.62718        
16.26253       15.24806       
9.45747        8.19921        
-7.70092       -6.58214       
-12.38286      -8.07106       
2.97427        5.73933        
6.07371        5.08904        
12.75301       8.72016        
15.92696       12.66360       
10.96308       8.92341        
-2.36928       -3.58939       
-4.61102       -4.79579       
11.05428       11.40118       
8.15094        7.30097        
-4.85122       -4.56572       
-1.22845       0.60678        
7.97451        8.87513        
2.33352        2.14636        
-2.16424       -2.67744       
6.45339        5.39422        
10.30803       8.82447        
-3.25739       -4.83036       
-2.79248       -2.91765       
11.17051       11.27839       
11.25276       10.28955       
2.95460        2.46882        
0.84162        1.27196        
12.31849       11.91378       
6.88076        4.40180        
-3.02136       -5.95868       
-0.91255       -3.14295       
5.45502        3.26157        
-3.28064       -5.97000       
-6.67453       -8.15928       
1.37687        0.89824        
5.98073        5.80192        
-10.87725      -11.24263      
-9.95338       -9.80079       
2.69473        1.90675        
-1.60456       -3.57091       
-10.68473      -11.87086      
-5.44548       -4.99904       
8.14438        8.52585        
4.20570        3.40343        
-6.57916       -6.04570       
-5.66304       -3.78847       
6.49095        7.14779        
10.71215       9.65118        
9.96172        8.16524        
2.53141        1.03652        
-0.03040       -0.81301       
-2.22564       -2.61307       
-2.51472       -1.30653       
-3.49641       -2.14934       
-3.35455       -3.49879       
7.66575        6.19888        
42.81163       37.47761       
67.44325       55.97532       
60.16672       47.70458       
49.72756       41.13793       
41.71133       36.60619       
34.86216       31.99816       
27.81928       26.29280       
26.02041       26.23677       
20.95520       22.32671       
10.66327       12.79294       
2.02775        4.16577        
5.49793        7.25985        
8.47042        8.76963        
5.43177        5.38409        
0.77069        2.29895        
-4.02033       -0.37313       
-19.90497      -13.64589      
-41.10456      -30.82812      
-44.05797      -32.34029      
-51.43821      -38.97309      
-43.22886      -35.72524      
9.19342        6.84738        
2.50638        -2.05696       
-4.32730       -6.34611       
-1.75476       -2.38419       
-12.78639      -12.16531      
-5.74708       -3.98219       
4.97937        5.18858        
5.05447        4.02451        
6.99162        6.02841        
6.05404        5.01990        
6.33240        4.56333        
1.65939        0.00000        
-1.71542       -2.50757       
-2.25723       -2.40564       
-4.24623       -4.48883       
-6.82831       -6.79016       
-3.12805       -2.21252       
1.52647        1.89960        
-1.85013       -2.97546       
-3.89099       -4.63486       
-4.54724       -5.22792       
-1.79410       -2.88427       
-7.41959       -7.40051       
-7.80106       -6.56128       
-6.04630       -4.82559       
-8.60214       -6.84738       
-6.89685       -5.07355       
-8.86917       -6.31332       
-9.38416       -6.56128       
-14.55307      -11.94000      
-9.58383       -9.39608       
-13.19051      -13.15176      
-17.36820      -16.67798      
-17.93861      -16.12544      
-20.73646      -19.18852      
-6.10054       -5.62370       
2.38717        1.20759        
1.10626        -0.34332       
4.73022        3.28064        
16.67023       13.80920       
9.49860        6.12259        
0.57220        -1.92642       
2.41697        1.48535        
3.87132        2.60174        
-2.21252       -3.33786       
2.55585        2.05994        
7.40051        7.24792        
8.65936        6.92368        
3.16620        0.41962        
0.20981        -0.55313       
0.90539        1.43111        
-4.37498       -4.43220       
-13.80503      -12.58790      
-5.43654       -1.92523       
-6.51717       -3.60668       
-5.14984       -3.18527       
-2.93732       -1.92642       
6.02722        7.01904        
5.92351        6.15239        
-9.53197       -9.33290       
-2.52664       -2.07961       
6.32465        6.05643        
7.47681        4.65393        
-1.77383       -3.05176       
10.22339       9.88007        
11.67297       11.48224       
3.10004        2.38895        
-0.62227       -0.95248       
13.28409       13.21673       
8.84593        7.04944        
0.29266        -1.28984       
-4.65393       -4.92096       
9.51767        8.85010        
3.95894        2.55704        
-12.03656      -11.53111      
7.77602        8.22425        
12.41922       11.31594       
-1.75476       -4.00543       
-10.03265      -10.26154      
6.14166        5.26428        
9.46045        7.47681        
-2.15650       -3.79205       
-4.18603       -4.44591       
17.31873       17.58575       
4.36425        4.33564        
-8.49366       -7.10905       
3.60250        5.00798        
-1.77264       1.87695        
-36.38029      -28.31042      
-32.76587      -26.80898      
10.43737       9.62615        
1.89483        -0.11504       
10.69129       6.81460        
25.02441       19.81735       
19.34052       16.80374       
4.53949        4.55856        
5.28514        5.33164        
-5.98907       -5.49316       
10.91003       10.77652       
7.43866        5.11169        
-8.15988       -9.89854       
3.19183        2.29895        
8.32677        7.04169        
-3.09110       -3.74556       
-5.01633       -3.89099       
4.53949        5.64575        
-1.17302       -0.70155       
-11.85358      -12.05504      
-6.19292       -4.73738       
7.05719        6.71387        
6.53327        4.64618        
4.29571        3.09467        
5.18799        5.18799        
7.72476        8.83102        
0.39220        2.22027        
-2.66254       -0.87023       
9.00269        10.16617       
11.97994       12.06815       
4.34697        2.82824        
15.76006       13.72814       
8.29697        7.70569        
-3.14713       -2.15530       
-5.61953       -4.39882       
-1.69754       -1.31607       
10.19239       10.31518       
3.83556        3.83317        
-1.76370       -1.45733       
11.21879       11.34098       
2.48373        2.94745        
-1.75416       -1.30296       
-0.92864       -0.85056       
0.31173        0.53287        
-1.45257       -1.97053       
-8.82924       -8.31246       
-1.54257       0.20742        
-6.23047       -5.55575       
-7.09713       -6.95348       
-4.76718       -4.99725       
-2.88188       -4.71115       
3.53694        2.21133        
1.01268        -1.01864       
-2.60890       -3.32713       
4.63486        5.24521        
3.70383        3.30687        
5.83351        4.38988        
6.79016        6.04987        
2.15113        2.57850        
0.68486        1.37269        
-8.85069       -8.40366       
0.89943        1.20640        
4.13895        4.34875        
-5.14090       -3.20852       
-6.98805       -3.05593       
3.73840        5.35965        
6.47247        6.09994        
4.52459        3.56555        
0.71764        0.91970        
9.01699        9.99212        
2.33591        3.16262        
1.13428        2.69055        
1.74165        4.04477        
3.01003        5.32806        
-2.34902       -1.24991       
-5.81682       -5.21362       
6.71387        6.19888        
4.49598        2.40982        
-1.49667       -4.42922       
4.03464        2.14577        
12.16769       9.09567        
-4.01616       -5.30064       
-4.67837       -4.31657       
-0.80109       0.16332        
6.76513        8.22365        
3.14772        4.37021        
2.88904        3.80099        
5.39243        6.10113        
7.82728        7.73787        
-4.71950       -5.44429       
-3.95834       -2.13861       
4.68135        7.04527        
-2.88665       -0.88513       
-1.67906       -3.00348       
3.82066        2.51353        
9.85801        9.41396        
-3.51369       -3.34918       
7.05361        5.81384        
