25Hz,30000
25.29860       24.94514       
7.35998        7.04467        
0.54538        1.07646        
5.82397        4.66704        
7.91848        6.47664        
18.94236       19.69993       
39.14833       39.92617       
42.28115       42.12260       
45.20059       43.49113       
54.31354       54.23844       
28.59712       29.42741       
11.43634       12.19153       
15.57171       16.78228       
0.78499        2.94924        
1.39952        3.30508        
8.42273        9.82881        
3.14295        3.87549        
0.92506        2.90513        
13.45456       14.75811       
15.14316       16.43896       
2.28047        3.30627        
2.55764        3.68536        
12.55870       13.99159       
18.66400       18.55493       
20.37406       20.72036       
29.58417       28.03743       
28.47612       29.41310       
11.54363       10.74612       
12.21955       14.17935       
17.37177       17.27760       
9.95398        12.96937       
-1.30355       -0.13232       
-3.16679       -0.19372       
8.52704        10.71632       
-6.14405       -2.63035       
-9.44257       -9.31203       
-3.26872       -0.81062       
-1.01507       -0.00894       
-6.93679       -5.74172       
-3.23355       -1.10209       
-4.39763       -2.82943       
-5.37694       -1.73509       
-8.78274       -8.15034       
-3.33607       -1.35005       
-1.67251       -1.87337       
-7.49052       -6.18696       
-3.83198       -6.04749       
-2.40684       -0.43213       
-3.93808       -4.69565       
-11.54482      -10.26154      
-0.94473       -2.68996       
8.03173        8.64625        
0.44107        -0.00119       
-9.82583       -9.98974       
-2.26974       -1.86265       
-4.31299       -4.78506       
-4.03285       -3.38852       
-12.21716      -13.69238      
-7.23422       -6.10232       
-6.22690       -6.50644       
-12.43472      -11.96504      
-4.97401       -8.05795       
-0.96977       -0.89467       
1.72734        -0.12219       
-7.56145       -7.11799       
-1.90318       -4.58479       
2.49624        2.80380        
9.12309        7.51734        
21.50595       18.91196       
19.21177       20.88785       
-33.72014      -30.17485      
-29.70159      -28.07677      
-3.55482       -5.01633       
3.22163        1.97887        
-1.69635       -1.98781       
-7.85828       -6.71506       
2.97487        0.00834        
11.63602       13.40270       
0.09656        1.04725        
-2.99215       -3.22640       
10.87129       9.99868        
7.77304        10.61201       
5.64635        6.60479        
-0.49174       -1.08063       
2.77281        2.81572        
-3.06129       -0.65744       
-14.55784      -12.60459      
-22.19141      -22.39764      
-12.70831      -11.66821      
-5.29170       -3.99470       
-10.43737      -10.90705      
-5.71132       -8.27193       
0.88930        1.87397        
-11.29746      -11.75463      
-18.39280      -20.74063      
-3.75688       -6.99461       
0.83566        1.06514        
-18.35883      -18.36777      
-21.45767      -22.97044      
2.63214        2.28882        
-9.88901       -8.12829       
-18.53704      -20.75255      
-3.01301       -5.89371       
8.85010        8.39233        
0.76830        1.80721        
-7.11083       -9.51707       
8.29875        5.22733        
23.35668       24.27757       
-11.40058      -10.55539      
-13.81516      -17.52734      
16.74652       15.20157       
9.76562        8.94547        
-5.60462       -6.59585       
-1.46568       -2.11358       
4.10080        3.37601        
-0.59128       0.45776        
-18.48161      -20.32399      
-3.83377       -6.71387       
8.75473        7.34329        
4.69208        4.06265        
0.09358        -1.37687       
4.33207        2.63870        
16.21246       18.29147       
-4.56095       -2.83182       
-2.21729       -4.40061       
5.54860        7.27713        
-3.00884       -2.81036       
-9.07660       -9.09328       
-10.30087      -11.42979      
-4.22060       -4.54724       
-15.31601      -12.96997      
-19.34886      -20.10107      
4.57764        4.04358        
13.88550       12.74109       
5.23150        6.03616        
-0.30875       -1.85966       
1.56403        2.74658        
2.59936        2.63274        
-13.06832      -12.22014      
-3.94046       -5.87642       
6.25610        6.04630        
4.13895        2.88010        
-9.15527       -10.62393      
3.66211        0.83923        
6.61850        5.49316        
4.49359        5.50747        
2.08497        3.66569        
0.15855        0.34869        
0.97275        -3.05176       
-5.39780       -6.99997       
-0.34273       -4.40001       
8.38995        9.25064        
1.60217        0.91553        
-2.96891       -1.73867       
4.51922        3.23594        
-0.61035       2.15530        
-7.70569       -5.18799       
-14.37366      -12.48121      
-4.04358       -3.28064       
-12.39777      -9.97543       
-24.71924      -23.78464      
2.28882        -0.01907       
13.06534       11.86371       
-0.13351       -3.68118       
-2.13623       -2.61307       
4.34518        -0.19610       
12.07352       12.13074       
1.69754        0.70572        
-0.58472       0.08345        
10.38909       10.09703       
1.39952        2.53379        
-1.82569       -1.86980       
-8.24869       -8.90493       
6.34551        4.89175        
3.53456        3.25561        
-0.77009       -1.32680       
-0.01371       -1.38640       
1.56045        1.80900        
0.56446        -0.38147       
-5.06282       -5.18978       
0.93699        -1.15037       
-1.52469       0.58234        
-7.86066       -8.60691       
-4.67539       -4.12107       
7.72297        7.87497        
-3.85225       -1.37568       
-13.59224      -12.91513      
-11.37435      -11.55138      
-0.12517       -1.07884       
-13.43489      -14.43565      
-9.17256       -11.60741      
8.82447        7.11679        
13.20183       13.51595       
-2.08139       -3.78251       
-6.06179       -7.43330       
7.66993        6.63817        
0.26703        0.68665        
-9.72986       -11.00957      
3.08812        2.37226        
13.88133       13.28051       
0.07629        1.15275        
-9.71556       -10.38015      
-3.80278       -3.68357       
-10.81705      -9.81092       
-7.17461       -7.38561       
3.97563        2.02358        
7.01547        4.98354        
5.47588        6.93619        
-8.93652       -9.22501       
-6.44028       -8.27491       
9.51946        8.38280        
0.84221        1.10805        
-10.75149      -12.69758      
-1.59442       -3.27528       
3.52740        4.37737        
-10.00047      -8.30233       
-12.10630      -13.83126      
4.73022        3.23057        
5.89371        5.24521        
-10.45227      -10.66208      
-7.44700       -8.59082       
8.12113        7.59959        
6.51240        6.91354        
-12.74347      -13.08978      
-7.31468       -8.84414       
5.17607        5.88834        
-5.55456       -5.53370       
-13.67569      -14.49585      
4.60923        3.01182        
15.14316       14.95898       
-3.03268       -2.95639       
-9.70840       -11.00540      
9.53853        9.36508        
6.69479        7.78198        
-8.29697       -8.83102       
-6.40512       -8.19683       
4.58419        4.54664        
1.43349        2.13802        
-13.79013      -14.72473      
-1.43528       -4.30405       
9.87709        10.31637       
1.03056        0.86129        
-10.86354      -11.29985      
-5.27084       -6.80149       
3.57270        4.47452        
4.10736        4.69506        
-2.02954       -1.95861       
-1.43349       -1.07110       
0.88990        2.07901        
-1.90735       -2.67029       
-5.43356       -6.24835       
-1.45674       -0.85413       
4.99725        4.90189        
5.46515        3.81112        
5.79119        3.29792        
12.03716       13.08084       
46.63587       44.35301       
54.48699       51.91565       
8.73923        4.80473        
-42.44566      -42.00637      
-43.98346      -42.01949      
-27.22979      -24.71566      
-11.43634      -11.92153      
-3.54767       -5.11169       
0.30518        -3.05176       
1.90735        -1.75476       
8.62122        6.48499        
14.85825       12.74109       
9.74655        8.62122        
8.43048        6.33240        
15.69271       17.14230       
19.19270       18.94236       
6.88553        7.40051        
-11.06262      -8.54492       
-36.04889      -31.73828      
13.37051       11.53946       
28.53394       28.68652       
-3.14713       -4.34875       
-1.50681       1.44958        
0.83923        3.29971        
-3.31879       -2.74658       
-3.52859       -0.61035       
-9.47952       -8.22067       
-6.96182       -5.72205       
-0.40770       -2.04802       
-5.97298       -3.84986       
-12.58850      -13.56125      
-12.20703      -12.68387      
-6.00815       -6.69479       
-9.78470       -9.05991       
-4.46320       -5.66483       
-5.56946       -5.95093       
-3.33607       -3.67701       
-6.31332       -6.19888       
-1.71661       -2.19345       
-3.85284       -4.57764       
-10.98633      -10.37598      
7.11441        5.95093        
33.64563       33.01620       
41.04614       38.92899       
