100Hz 高,500000
0.00000        
2307.59375     
6959.25000     
7051.31250     
6192.31250     
5000.03125     
3874.59375     
2929.71875     
2179.34375     
1606.81250     
1175.28125     
855.37500      
619.25000      
447.75000      
322.87500      
233.84375      
169.18750      
122.21875      
88.37500       
64.18750       
47.06250       
35.18750       
26.93750       
20.96875       
16.21875       
12.78125       
10.15625       
8.62500        
7.71875        
7.25000        
6.46875        
5.78125        
5.18750        
4.56250        
5.15625        
4.96875        
4.31250        
4.71875        
4.00000        
3.81250        
3.68750        
4.18750        
3.87500        
3.81250        
3.37500        
3.37500        
2.65625        
3.59375        
4.00000        
3.06250        
3.34375        
3.15625        
2.78125        
2.78125        
3.37500        
3.50000        
3.34375        
2.28125        
2.59375        
2.25000        
3.37500        
3.18750        
2.53125        
2.96875        
2.21875        
1.87500        
2.62500        
2.93750        
2.65625        
2.53125        
2.15625        
2.06250        
2.18750        
2.81250        
2.81250        
2.65625        
2.28125        
2.03125        
1.46875        
2.18750        
2.84375        
2.40625        
2.46875        
1.87500        
1.68750        
2.06250        
2.50000        
2.53125        
1.96875        
2.06250        
1.93750        
1.28125        
2.03125        
2.40625        
2.46875        
2.40625        
1.87500        
1.18750        
1.53125        
2.12500        
2.43750        
2.06250        
1.90625        
1.53125        
1.00000        
1.87500        
2.06250        
1.81250        
2.09375        
1.56250        
1.50000        
1.15625        
1.71875        
1.65625        
1.59375        
1.46875        
1.31250        
1.12500        
1.31250        
1.65625        
1.50000        
1.68750        
1.56250        
1.34375        
1.25000        
2.00000        
1.37500        
1.34375        
1.53125        
1.25000        
0.93750        
1.87500        
1.93750        
1.00000        
1.56250        
1.37500        
1.12500        
1.25000        
1.62500        
1.31250        
1.65625        
0.96875        
0.93750        
1.00000        
1.90625        
1.59375        
1.56250        
1.56250        
0.68750        
0.46875        
1.78125        
1.96875        
1.18750        
1.18750        
0.90625        
0.78125        
0.96875        
1.90625        
1.90625        
1.56250        
0.81250        
1.12500        
0.50000        
1.00000        
1.75000        
1.59375        
1.21875        
0.62500        
0.03125        
0.84375        
1.65625        
1.46875        
1.59375        
0.93750        
0.81250        
0.25000        
1.18750        
1.62500        
1.12500        
1.03125        
0.81250        
0.18750        
0.84375        
1.50000        
1.28125        
1.46875        
0.65625        
1.06250        
0.56250        
0.78125        
1.03125        
0.96875        
0.96875        
0.68750        
0.75000        
1.34375        
1.09375        
0.87500        
1.34375        
0.75000        
0.59375        
0.53125        
1.46875        
1.25000        
0.56250        
0.68750        
0.87500        
0.65625        
1.15625        
1.25000        
1.40625        
0.87500        
0.59375        
0.78125        
0.65625        
1.28125        
1.00000        
1.06250        
0.43750        
0.40625        
0.34375        
1.12500        
1.43750        
0.59375        
1.00000        
0.62500        
-0.12500       
0.37500        
1.40625        
1.65625        
1.15625        
0.31250        
0.65625        
0.00000        
0.87500        
1.34375        
1.00000        
1.09375        
0.34375        
0.21875        
1.12500        
1.34375        
1.00000        
1.34375        
0.53125        
0.21875        
-0.21875       
1.15625        
1.00000        
0.90625        
1.28125        
0.68750        
0.40625        
0.25000        
0.78125        
1.21875        
1.00000        
0.62500        
0.96875        
1.15625        
1.43750        
1.09375        
1.34375        
1.50000        
1.37500        
0.93750        
1.59375        
1.12500        
0.96875        
1.28125        
1.15625        
0.71875        
1.15625        
1.37500        
0.96875        
0.96875        
0.84375        
0.90625        
0.78125        
1.62500        
1.59375        
1.06250        
0.90625        
0.62500        
0.56250        
1.18750        
1.25000        
0.90625        
0.75000        
0.78125        
0.50000        
0.34375        
1.59375        
1.62500        
0.84375        
1.31250        
0.53125        
0.31250        
0.84375        
1.37500        
0.96875        
1.12500        
1.00000        
0.37500        
0.50000        
0.90625        
1.12500        
1.59375        
0.84375        
0.50000        
0.43750        
1.28125        
1.28125        
0.71875        
1.06250        
1.12500        
0.71875        
0.09375        
0.71875        
1.25000        
0.93750        
0.71875        
0.71875        
0.78125        
0.71875        
0.90625        
0.68750        
1.25000        
1.21875        
0.84375        
1.03125        
1.31250        
0.81250        
0.59375        
0.93750        
0.78125        
0.28125        
0.87500        
0.78125        
0.31250        
1.06250        
0.56250        
0.34375        
0.75000        
1.25000        
1.28125        
1.09375        
0.37500        
0.59375        
0.43750        
1.03125        
0.53125        
0.37500        
1.06250        
0.65625        
0.46875        
1.00000        
1.00000        
0.75000        
1.09375        
0.46875        
0.46875        
0.53125        
1.40625        
0.93750        
0.68750        
0.87500        
0.96875        
0.50000        
0.50000        
0.90625        
0.90625        
1.09375        
-0.06250       
0.53125        
1.18750        
1.31250        
0.56250        
0.75000        
0.81250        
0.50000        
0.28125        
1.25000        
1.00000        
0.59375        
0.90625        
0.43750        
0.18750        
0.43750        
1.09375        
1.06250        
0.56250        
0.37500        
0.25000        
0.50000        
0.93750        
0.93750        
1.06250        
1.28125        
-0.03125       
0.18750        
0.93750        
1.43750        
0.53125        
0.87500        
1.00000        
0.25000        
-0.12500       
0.59375        
1.09375        
0.84375        
1.03125        
0.31250        
0.40625        
0.71875        
0.62500        
0.43750        
1.06250        
0.40625        
0.18750        
0.43750        
0.71875        
0.53125        
0.18750        
1.40625        
0.87500        
0.18750        
0.93750        
1.06250        
0.59375        
0.90625        
0.28125        
0.59375        
0.53125        
0.68750        
0.96875        
0.84375        
0.87500        
0.37500        
0.46875        
1.43750        
0.90625        
0.46875        
0.78125        
0.34375        
0.40625        
0.43750        
0.90625        
1.09375        
1.18750        
0.37500        
0.65625        
0.62500        
0.90625        
0.46875        
0.78125        
0.96875        
0.12500        
0.06250        
1.03125        
1.00000        
0.62500        
0.81250        
0.56250        
0.84375        
0.40625        
0.68750        
0.75000        
0.31250        
0.53125        
0.34375        
0.03125        
0.96875        
0.87500        
0.34375        
0.68750        
-0.09375       
0.15625        
0.25000        
0.87500        
1.00000        
0.43750        
0.37500        
0.15625        
0.06250        
0.96875        
0.71875        
1.00000        
0.71875        
0.15625        
0.43750        
0.46875        
1.12500        
1.15625        
0.75000        
1.00000        
0.21875        
0.03125        
0.93750        
1.06250        
0.78125        
0.96875        
0.18750        
0.15625        
0.31250        
1.18750        
0.87500        
0.62500        
0.62500        
0.18750        
0.12500        
0.68750        
0.68750        
0.62500        
1.03125        
0.12500        
0.06250        
0.53125        
0.78125        
0.15625        
0.71875        
0.59375        
0.34375        
0.15625        
0.68750        
0.50000        
0.53125        
0.87500        
0.09375        
0.21875        
0.87500        
0.65625        
0.65625        
0.84375        
0.43750        
0.34375        
0.12500        
1.15625        
0.46875        
0.43750        
0.43750        
0.37500        
0.34375        
0.65625        
0.71875        
0.93750        
0.93750        
-0.06250       
0.40625        
0.50000        
1.18750        
0.50000        
0.65625        
0.78125        
0.25000        
0.46875        
0.84375        
1.06250        
0.50000        
0.87500        
0.28125        
0.28125        
0.50000        
0.81250        
0.59375        
1.18750        
0.56250        
0.34375        
0.68750        
0.65625        
0.84375        
0.46875        
0.84375        
0.37500        
0.50000        
0.56250        
1.00000        
0.62500        
0.50000        
0.21875        
1.00000        
0.18750        
0.84375        
0.78125        
0.12500        
0.68750        
-0.09375       
0.21875        
0.81250        
0.62500        
0.25000        
0.59375        
0.00000        
-0.28125       
0.31250        
0.96875        
0.68750        
0.28125        
0.56250        
0.34375        
0.18750        
0.90625        
0.37500        
0.68750        
0.71875        
0.31250        
0.21875        
0.81250        
0.75000        
0.65625        
0.65625        
0.71875        
0.68750        
0.53125        
1.31250        
1.12500        
0.15625        
0.65625        
0.28125        
0.43750        
0.71875        
0.84375        
1.25000        
1.03125        
0.78125        
0.87500        
0.46875        
0.90625        
0.71875        
0.40625        
1.21875        
0.06250        
0.15625        
1.40625        
0.87500        
0.96875        
0.68750        
0.62500        
0.21875        
0.06250        
0.93750        
1.03125        
0.65625        
0.56250        
-0.28125       
0.31250        
0.81250        
1.03125        
0.75000        
0.90625        
0.53125        
0.34375        
0.06250        
0.53125        
0.75000        
1.18750        
0.65625        
-0.09375       
0.28125        
0.65625        
0.71875        
0.59375        
1.00000        
0.25000        
0.50000        
0.40625        
0.43750        
0.65625        
0.59375        
0.84375        
0.50000        
0.15625        
0.78125        
0.87500        
0.84375        
1.09375        
0.40625        
0.71875        
0.68750        
0.84375        
0.84375        
0.75000        
0.28125        
0.40625        
0.37500        
1.50000        
1.12500        
0.53125        
1.09375        
0.62500        
0.21875        
0.90625        
1.12500        
0.68750        
0.34375        
0.65625        
0.18750        
-0.03125       
0.78125        
1.06250        
0.78125        
0.84375        
-0.18750       
0.15625        
0.81250        
0.71875        
0.56250        
0.90625        
0.21875        
-0.15625       
0.28125        
0.84375        
0.59375        
0.46875        
1.00000        
0.40625        
-0.50000       
0.50000        
1.21875        
1.00000        
0.68750        
0.00000        
0.62500        
0.59375        
0.43750        
0.96875        
0.96875        
0.28125        
-0.25000       
-0.03125       
1.15625        
0.93750        
0.50000        
0.65625        
0.21875        
-0.03125       
0.37500        
1.21875        
1.28125        
1.12500        
0.65625        
0.03125        
-0.28125       
0.37500        
0.75000        
1.03125        
1.06250        
-0.12500       
0.21875        
0.93750        
0.84375        
0.46875        
1.34375        
0.90625        
0.12500        
-0.03125       
0.93750        
0.96875        
0.50000        
0.96875        
0.62500        
0.31250        
0.50000        
0.37500        
0.71875        
0.84375        
0.12500        
0.25000        
0.37500        
0.46875        
0.31250        
0.46875        
0.65625        
0.09375        
0.31250        
0.75000        
0.50000        
0.28125        
0.50000        
0.28125        
0.21875        
0.06250        
0.40625        
0.43750        
0.00000        
0.65625        
0.40625        
0.15625        
0.53125        
0.68750        
0.62500        
0.90625        
-0.06250       
0.09375        
0.59375        
0.34375        
0.09375        
0.81250        
0.62500        
0.40625        
0.37500        
1.03125        
0.62500        
0.50000        
0.71875        
0.21875        
-0.06250       
-0.03125       
0.21875        
0.96875        
0.93750        
0.62500        
0.78125        
0.71875        
0.46875        
0.50000        
0.43750        
0.53125        
-0.31250       
0.28125        
0.50000        
0.59375        
0.56250        
0.59375        
0.34375        
0.46875        
0.15625        
0.56250        
0.65625        
0.65625        
0.62500        
-0.37500       
0.12500        
0.06250        
0.03125        
0.46875        
1.09375        
0.25000        
0.15625        
0.09375        
0.65625        
0.46875        
0.56250        
0.75000        
0.00000        
0.03125        
0.18750        
0.43750        
0.34375        
0.84375        
-0.12500       
0.31250        
-0.12500       
0.25000        
0.34375        
0.87500        
0.53125        
-0.03125       
0.03125        
0.37500        
0.18750        
0.09375        
0.87500        
0.62500        
1.03125        
0.96875        
0.65625        
0.53125        
0.37500        
0.09375        
0.46875        
0.12500        
0.40625        
0.68750        
0.96875        
0.87500        
-0.12500       
0.37500        
0.90625        
0.50000        
0.40625        
0.81250        
-0.12500       
0.25000        
0.12500        
0.87500        
0.65625        
0.12500        
0.56250        
0.15625        
0.06250        
0.40625        
0.65625        
0.37500        
0.43750        
-0.03125       
0.09375        
0.12500        
0.37500        
0.40625        
1.00000        
0.59375        
0.06250        
-0.09375       
0.81250        
0.50000        
-0.18750       
0.46875        
0.37500        
0.31250        
0.31250        
0.31250        
0.46875        
0.43750        
0.43750        
0.00000        
0.06250        
1.12500        
0.71875        
0.31250        
0.46875        
-0.15625       
-0.21875       
0.53125        
0.53125        
0.56250        
0.78125        
0.62500        
0.09375        
0.03125        
0.96875        
0.65625        
0.28125        
0.84375        
0.18750        
0.00000        
0.00000        
0.62500        
0.53125        
1.15625        
0.28125        
0.43750        
0.00000        
0.28125        
0.12500        
0.37500        
1.28125        
0.34375        
0.21875        
0.09375        
0.25000        
0.37500        
0.59375        
0.28125        
0.43750        
0.21875        
0.00000        
0.28125        
0.37500        
0.75000        
0.53125        
0.15625        
0.03125        
0.06250        
0.28125        
0.68750        
-0.06250       
0.37500        
0.31250        
0.50000        
0.09375        
0.28125        
0.59375        
0.25000        
-0.03125       
0.50000        
0.71875        
-0.09375       
0.56250        
0.43750        
0.62500        
0.43750        
0.50000        
0.50000        
0.62500        
0.12500        
0.09375        
0.00000        
0.81250        
0.34375        
0.31250        
1.21875        
-0.03125       
-0.21875       
0.90625        
0.93750        
0.46875        
0.87500        
0.00000        
0.43750        
0.40625        
0.53125        
0.65625        
0.31250        
0.56250        
-0.28125       
0.06250        
0.62500        
0.84375        
0.59375        
1.00000        
-0.09375       
0.00000        
0.21875        
0.96875        
0.46875        
0.25000        
0.65625        
0.28125        
-0.12500       
0.71875        
0.87500        
0.65625        
0.90625        
-0.18750       
0.18750        
0.15625        
0.43750        
0.18750        
0.84375        
0.75000        
0.18750        
-0.06250       
0.53125        
0.53125        
0.43750        
0.84375        
-0.28125       
0.12500        
0.06250        
0.09375        
0.06250        
0.68750        
0.93750        
0.53125        
0.25000        
0.21875        
-0.06250       
-0.03125       
0.96875        
0.21875        
0.68750        
1.00000        
0.40625        
0.65625        
0.90625        
0.40625        
0.50000        
0.40625        
0.53125        
0.28125        
0.37500        
0.96875        
0.12500        
0.53125        
0.68750        
0.46875        
0.71875        
0.50000        
0.12500        
0.46875        
0.43750        
0.53125        
0.68750        
0.12500        
0.81250        
0.09375        
0.03125        
0.96875        
0.84375        
0.46875        
0.68750        
-0.18750       
-0.09375       
0.53125        
0.65625        
0.34375        
0.37500        
0.62500        
-0.06250       
0.28125        
0.93750        
0.53125        
0.59375        
0.56250        
0.12500        
0.21875        
0.34375        
0.46875        
0.65625        
0.81250        
0.06250        
0.21875        
0.25000        
1.34375        
0.93750        
0.40625        
0.93750        
-0.03125       
-0.28125       
0.28125        
0.46875        
0.34375        
0.62500        
0.46875        
0.59375        
0.31250        
0.84375        
0.56250        
0.21875        
0.84375        
0.28125        
0.43750        
0.84375        
0.84375        
1.03125        
0.84375        
-0.25000       
0.06250        
0.34375        
0.62500        
0.28125        
0.68750        
1.03125        
0.53125        
0.40625        
0.37500        
0.43750        
0.34375        
1.03125        
0.43750        
0.53125        
0.09375        
0.37500        
0.34375        
0.34375        
0.59375        
0.50000        
0.18750        
0.87500        
0.40625        
0.12500        
0.87500        
0.06250        
0.37500        
0.68750        
0.50000        
0.31250        
0.53125        
0.56250        
0.56250        
0.03125        
0.43750        
0.37500        
0.25000        
0.68750        
0.62500        
0.81250        
0.62500        
0.87500        
0.84375        
0.87500        
0.03125        
0.12500        
0.18750        
1.03125        
0.56250        
0.65625        
1.15625        
0.62500        
0.37500        
0.84375        
0.68750        
0.37500        
0.84375        
0.65625        
0.18750        
0.46875        
0.46875        
0.56250        
0.46875        
0.59375        
0.46875        
0.18750        
0.71875        
0.65625        
0.46875        
0.68750        
-0.09375       
0.28125        
0.62500        
0.50000        
0.18750        
0.93750        
0.84375        
0.43750        
-0.09375       
0.50000        
0.59375        
0.28125        
0.81250        
0.18750        
0.31250        
0.68750        
0.37500        
0.06250        
0.34375        
0.65625        
0.09375        
0.18750        
0.93750        
0.81250        
0.53125        
0.40625        
-0.31250       
0.12500        
0.18750        
0.40625        
0.34375        
0.84375        
0.62500        
0.37500        
0.12500        
0.50000        
0.50000        
0.53125        
0.87500        
0.09375        
0.37500        
0.62500        
0.65625        
0.68750        
0.65625        
-0.09375       
0.34375        
0.34375        
0.68750        
0.65625        
0.34375        
0.78125        
