25Hz,30000
-5.91815       -5.37574       
-0.57280       0.42319        
-6.45280       -9.44793       
-7.79569       -8.97348       
-2.37703       -2.15530       
-1.99139       -3.19242       
-5.96464       -7.98821       
-8.23081       -8.59618       
0.40770        2.11179        
4.60863        3.91960        
-6.64949       -10.16855      
-5.48482       -5.35429       
1.60217        1.35422        
0.85831        -1.83105       
-3.32117       -4.95434       
-1.27256       -0.79036       
5.60760        7.03812        
3.63052        3.04163        
-2.40624       -2.87116       
3.37541        5.84841        
4.91977        5.31971        
-1.59740       -3.45528       
-5.06699       -5.51283       
-1.62184       -0.08941       
0.45359        0.22352        
-6.58810       -8.94368       
-6.86944       -5.57482       
2.40862        6.17921        
1.87695        1.53005        
-3.76344       -3.98993       
-4.48704       -2.82884       
-0.10252       1.57952        
-5.26309       -7.97033       
-11.87682      -13.64112      
-5.12004       -2.82764       
0.24259        0.20981        
-5.94914       -9.21845       
-6.72638       -6.22511       
1.08540        3.99888        
2.69890        1.67787        
-7.22468       -11.83152      
-8.14617       -8.63612       
1.65343        3.25203        
-1.54316       -4.75705       
-8.37088       -10.43320      
-6.04987       -4.09186       
-2.85625       -0.97275       
-1.91748       -2.15471       
-5.16474       -5.74589       
-5.95093       -4.71115       
-3.49402       -1.81019       
-3.37005       -3.09825       
-4.14014       -3.86834       
-5.04255       -4.69804       
-4.25398       -2.89679       
-5.36561       -3.99351       
-7.32362       -5.22017       
-6.29961       -4.27008       
-7.33972       -5.36859       
-6.67691       -6.10232       
-3.36349       -3.39270       
-2.55525       -3.68416       
-1.95086       -3.86715       
-0.34869       -3.13759       
2.29478        0.59783        
2.90930        1.25051        
1.86920        0.94652        
1.26898        0.59009        
-2.16007       -2.94507       
-6.51836       -7.69079       
-7.10964       -7.88867       
-5.59807       -5.76437       
-2.79188       -3.51548       
-1.22488       -2.90990       
-2.54214       -4.71592       
-1.26839       -1.68562       
-0.50128       -1.66833       
-0.38266       -1.28448       
9.07302        8.90493        
27.63271       27.78232       
35.80153       32.24850       
36.61513       32.55427       
19.01448       14.57572       
1.26243        0.02325        
-4.95493       -2.82288       
-8.96752       -6.24239       
-21.04104      -18.63062      
-20.36452      -15.87391      
-19.31548      -15.61940      
-21.76702      -19.20819      
-18.89050      -15.76483      
-11.16633      -10.27763      
-5.03361       -5.26786       
-2.87592       -3.48747       
1.03712        1.13666        
1.28627        0.61095        
4.75764        4.66108        
2.12610        1.30296        
-2.04504       -2.79605       
-3.19302       -4.80115       
0.64909        -1.51873       
-2.42174       -5.69940       
-3.33965       -5.96046       
0.27239        -1.12891       
4.19319        2.59519        
1.15633        -1.15216       
-6.38843       -8.31306       
-8.40724       -8.70347       
-11.40356      -11.67715      
-2.98977       -2.35915       
4.45902        2.64049        
3.58522        0.77009        
5.12958        4.11153        
13.09514       14.20200       
18.01372       19.00613       
10.76519       8.88407        
-1.32978       -2.09153       
-2.16782       -0.70035       
-2.76506       -2.93553       
-15.01262      -18.20922      
-20.26975      -21.40224      
-12.01391      -11.24859      
-5.94795       -5.17428       
-4.00066       -1.91629       
-5.53131       -4.22120       
-3.54946       -2.35677       
1.06812        2.88248        
-4.42922       -5.07295       
-6.70135       -7.56085       
-1.31547       -1.99437       
3.50714        2.12252        
8.52823        7.16746        
8.87215        5.23448        
4.75228        2.03490        
8.92937        8.45969        
5.05924        3.26216        
-1.26541       -2.45094       
2.26557        3.70443        
5.91278        5.77927        
3.95477        1.87814        
-2.90930       -5.66602       
3.54707        4.79102        
-1.79946       -2.57790       
-11.17289      -11.49237      
-8.72850       -6.22690       
-0.30518       2.07961        
-0.44286       -0.65863       
-6.52134       -8.29101       
-8.00610       -7.77781       
2.20418        3.20435        
-1.37031       -4.51505       
-6.33657       -8.67188       
0.02086        1.32203        
9.68635        9.59814        
8.73446        6.03318        
-4.26352       -7.18892       
8.32736        11.08587       
12.48896       10.43618       
-4.92573       -10.31041      
-7.27654       -7.34746       
-6.18935       -5.02944       
-26.84057      -28.01239      
-5.29706       -0.42319       
28.92613       31.13925       
16.15167       10.95355       
5.41210        3.39210        
0.71883        0.58770        
5.57244        8.30889        
7.36892        8.25107        
2.44975        0.62287        
1.18256        0.17405        
12.37512       13.58807       
13.16011       12.04133       
-6.90222       -9.59873       
-11.03163      -6.98209       
2.09332        8.06212        
0.69499        0.76294        
-4.38392       -4.81188       
-1.49548       0.12875        
4.07875        4.96328        
-2.11298       -4.82261       
-8.04543       -8.87215       
3.62813        6.87778        
5.05149        4.35114        
-0.79036       -3.35038       
2.24710        2.49207        
7.12097        6.74546        
7.76649        4.93050        
-7.83384       -12.96461      
-14.84632      -14.59718      
-5.13434       -1.78039       
-9.18448       -10.09762      
-13.28945      -11.93464      
0.46551        5.49674        
5.06699        6.58214        
3.78370        3.11553        
-6.22928       -6.87003       
1.38283        4.04656        
-1.48594       -2.36690       
-8.68559       -10.06782      
3.40343        6.19054        
2.36690        2.54154        
1.97589        2.72751        
-1.99318       -1.88589       
-3.95596       -2.20954       
-1.78456       1.17421        
-5.54860       -5.35250       
-1.19507       0.65029        
3.79562        5.62131        
1.51813        0.84043        
3.10242        2.52008        
2.54691        1.86443        
7.13408        8.17478        
6.65665        5.36442        
0.59366        -1.96218       
4.95255        6.71089        
1.66655        0.75758        
0.27418        -0.51379       
4.98474        5.31077        
3.12269        1.47998        
1.01209        0.92268        
-5.12719       -4.93169       
-4.46141       -2.01523       
3.66211        7.08342        
3.48926        4.13060        
5.47290        5.99086        
13.36515       14.02795       
10.22279       7.89642        
9.90808        8.78155        
4.78625        2.98798        
6.86824        7.58469        
2.32637        1.92106        
-1.93477       -1.74761       
-2.59757       -0.60201       
1.11341        3.29494        
-6.22034       -6.14703       
-1.57118       -0.43750       
0.33855        0.13053        
7.07150        6.48618        
7.61688        5.11646        
7.66158        5.50866        
3.93510        3.90172        
-2.80857       -2.91824       
-7.08282       -5.08070       
-5.11348       -2.60055       
-4.56154       -2.48909       
-7.61390       -6.47664       
-3.18408       -1.19567       
2.50161        4.66287        
6.02365        7.21574        
-2.38359       -3.40223       
3.87847        6.25610        
6.45936        7.84218        
5.01990        5.49197        
-0.01371       0.25332        
1.78933        2.35319        
8.26359        8.87990        
1.64032        -0.95367       
-6.92129       -7.48396       
0.05603        2.27511        
2.69473        3.74436        
-3.69430       -4.79221       
2.13027        3.13520        
7.33376        6.75738        
2.32697        0.82016        
-8.94248       -11.12819      
-0.06020       0.71406        
5.91934        5.63443        
0.17524        -2.13861       
-6.15358       -6.95348       
2.26378        4.58896        
4.32670        6.73473        
-1.29759       -0.31948       
-21.13998      -19.87100      
-20.11359      -13.70490      
12.85851       19.05739       
31.16369       27.28879       
38.76090       32.27770       
20.17915       13.15832       
8.11994        6.53625        
-9.06229       -10.73778      
-4.01855       -0.05484       
8.86500        12.67612       
3.66509        2.15650        
-5.41806       -6.17743       
2.70844        4.84884        
7.24077        6.65784        
-0.70214       -4.06384       
-8.51095       -9.74178       
1.21653        4.40478        
4.32670        4.76062        
-4.73559       -6.90997       
-4.31240       -2.86460       
5.06938        7.96020        
6.67453        5.78165        
-0.51022       -3.34620       
-1.78814       -1.45674       
8.14438        10.09524       
1.07706        -1.89722       
-4.03762       -4.99308       
