25Hz,30000
4.55379        0.70751        
-5.86092       -11.60443      
-9.82046       -12.49313      
-5.84662       -6.24537       
0.19073        -1.76370       
-5.20110       -7.01129       
-2.49445       -2.84255       
-2.24411       -1.39177       
-26.86977      -21.08574      
-37.43768      -28.73957      
-18.69261      -15.20932      
-0.90063       -2.82824       
10.79500       4.17769        
20.06769       8.64565        
31.88252       19.77503       
13.86642       10.27405       
-2.51710       0.75936        
-1.51217       1.70410        
-7.30753       -3.79264       
-1.15037       0.60380        
4.38809        1.71840        
-8.18908       -7.74205       
-3.22998       -0.54240       
6.99699        7.04110        
5.07653        4.69744        
0.90241        1.14679        
5.14388        4.57048        
9.31621        7.29442        
-0.95665       -3.88682       
-4.58896       -6.49631       
-0.70572       -2.62141       
4.79698        1.60456        
-2.79605       -3.99113       
-12.82513      -11.09421      
3.48151        4.25398        
13.52787       10.50353       
-0.39995       -3.18110       
-6.32465       -7.67589       
1.26660        -0.47147       
2.20537        0.92804        
-8.49128       -9.35376       
-9.01341       -8.20518       
8.89361        9.81688        
9.64403        8.37982        
-5.38230       -3.28064       
-0.44107       3.59654        
6.43492        9.89616        
4.21941        5.26547        
-11.91378      -9.89735       
-2.46882       0.22054        
17.62390       15.56396       
7.40051        3.64304        
-3.97980       -1.78635       
9.35555        13.39078       
8.40187        9.81271        
-2.75850       -0.25034       
-5.09083       -2.61426       
3.35813        2.71499        
9.91285        7.00772        
-4.44114       -7.79510       
-3.87788       -4.93526       
12.53843       11.57105       
6.61552        5.16653        
-13.88192      -10.88023      
-7.32481       -0.99123       
11.55853       14.07623       
7.99179        3.26157        
-6.34789       -9.75847       
5.73158        6.43134        
15.56337       13.25727       
4.03821        0.06676        
-6.99937       -6.20723       
7.45595        11.13117       
12.15041       15.44178       
-4.16219       -2.37942       
-11.20687      -4.36902       
10.97381       15.24329       
3.76463        4.09961        
-13.15832      -13.15355      
-7.95424       -6.83665       
17.49098       14.76407       
10.55241       6.17564        
-6.91593       -8.63433       
6.44863        9.60886        
12.08544       14.66572       
-5.19395       -4.29273       
-18.62109      -15.66350      
2.18570        3.51906        
7.14779        5.63204        
-11.44528      -14.13763      
-16.36505      -13.21793      
5.83172        8.97348        
8.47161        10.44869       
-5.72205       -0.89645       
-3.37601       3.16620        
16.78288       17.67457       
5.24521        3.68118        
-9.09805       -9.89914       
5.45204        5.97656        
14.59360       12.81321       
-0.02682       -2.57850       
-11.87444      -11.58059      
4.11451        4.42863        
5.41687        5.26428        
-10.01358      -11.59668      
-17.57920      -13.40687      
-19.77921      -8.23975       
-9.47833       -4.39048       
-5.74410       -8.22365       
16.40439       8.33213        
46.96310       31.85332       
30.12717       19.16707       
-5.42045       -4.60207       
0.63658        4.65631        
12.47823       12.65228       
1.20819        -0.74029       
-6.82354       -7.27236       
1.87695        0.84400        
8.33213        2.96474        
0.16332        -4.65751       
-7.66635       -8.15928       
5.61595        5.23448        
10.31756       8.07941        
-0.10788       -1.69337       
-0.54598       -0.02503       
5.39243        3.99649        
6.07908        3.38256        
-3.50416       -4.08471       
-1.32501       -1.59740       
12.87222       9.97484        
2.20478        0.71883        
-6.71446       -3.52681       
-2.32756       2.77162        
-0.52869       3.53336        
-3.21805       0.61512        
-10.60009      -5.44727       
-1.38283       2.70128        
6.77705        6.57976        
-5.79357       -5.41210       
-5.68509       -2.15888       
1.86205        4.88758        
7.25269        8.14974        
3.88682        4.92632        
-4.80711       -0.72896       
-5.62906       0.76771        
-5.97417       -1.29819       
-2.27571       -1.94669       
-0.59724       -3.16560       
7.69913        1.88291        
19.06395       10.96904       
5.62191        0.40174        
-5.32448       -5.17488       
4.21286        4.76539        
7.97629        6.34432        
2.91407        1.19925        
-2.26200       -3.41356       
6.74605        5.31852        
12.57420       9.17137        
0.57161        -1.93536       
-4.72426       -2.47240       
1.00076        4.86612        
4.04358        6.19590        
-2.05994       -0.61035       
-5.64575       -2.44141       
5.32150        9.17435        
6.25610        6.84738        
-3.16679       -3.07143       
0.54181        2.48432        
9.68099        11.75880       
6.25610        8.56400        
-2.68996       0.40531        
2.23160        6.65665        
9.71138        12.42697       
-1.58310       -1.50681       
-6.32823       -5.20647       
5.74529        6.39856        
11.27064       8.48532        
-3.61025       -6.22511       
-10.16736      -8.47816       
5.26428        7.57217        
8.92639        8.54492        
-6.65665       -5.11169       
-5.41687       -1.37329       
10.71453       12.79235       
5.42164        3.40581        
-7.74384       -8.85010       
-0.66757       0.07629        
14.42850       12.80129       
14.13524       10.08093       
9.23395        6.93262        
7.62641        7.43210        
7.66277        8.39591        
1.86861        2.59817        
-3.65615       -1.69575       
-2.65300       -0.43392       
2.26676        3.02732        
1.95682        2.00987        
6.40869        5.83649        
14.27829       14.33074       
17.18342       16.27862       
12.36677       13.16011       
9.08434        10.40578       
6.99461        9.70602        
5.34058        8.92639        
6.29008        9.95159        
9.17792        11.90841       
12.25114       15.38455       
10.12981       13.53025       
8.33869        12.25352       
7.47681        8.21710        
8.81195        3.52859        
8.52585        3.28064        
7.99179        4.94003        
10.70023       8.41141        
12.93182       10.16617       
6.10650        6.35445        
2.67148        4.87983        
8.62479        10.62691       
7.87735        10.08987       
4.92096        9.49860        
2.95639        8.77380        
6.24359        11.04653       
5.76377        9.35733        
7.73489        10.37061       
-6.31630       -0.61631       
-30.57241      -18.73195      
-54.36659      -34.56771      
-53.64656      -32.30810      
-35.60901      -20.92838      
-19.10448      -13.29720      
-13.00871      -10.68056      
-10.22339      -9.59396       
-10.37598      -10.07080      
-11.27243      -10.75745      
-10.05173      -9.97543       
-7.27415       -8.88824       
-6.33240       -9.40323       
-7.53403       -11.65390      
-10.96606      -13.01885      
-13.40866      -12.22610      
-17.75742      -13.35144      
-19.42992      -16.23571      
-15.98537      -16.94918      
-12.92765      -15.95676      
-2.70844       -7.24792       
4.33087        -1.67191       
-6.54221       -8.06808       
-8.23975       -6.17981       
-2.43545       -0.34153       
-8.12531       -3.89099       
-12.87460      -7.61032       
-8.96454       -5.47409       
-2.51770       -2.26974       
-19.18793      -16.13617      
-31.75795      -26.32499      
-13.72337      -12.37214      
-0.55671       -4.48227       
-3.28124       -4.00901       
3.35217        4.08232        
9.22203        8.02279        
3.61145        0.98467        
-0.22233       -3.15070       
2.81990        -0.51260       
0.43750        -4.52399       
-3.91483       -10.33962      
-2.67029       -8.75473       
2.76566        -2.59399       
8.85010        2.15530        
8.50677        1.60217        
3.81470        1.90735        
-5.41687       -2.82288       
-8.65936       -6.48499       
-12.98904      -11.00540      
-12.64155      -10.78546      
-7.11620       -4.98652       
-5.98907       -4.61578       
-7.43866       -6.33240       
-1.83105       -2.07901       
4.25756        4.14252        
-1.48773       -0.07629       
-12.58850      -9.84192       
-16.93726      -12.83646      
-1.94550       -0.91553       
3.12805        0.40054        
2.66910        -1.21891       
3.70026        2.51770        
12.60936       12.21716       
8.56221        8.08477        
-3.53098       -3.46601       
-1.39117       0.30279        
5.96166        5.64694        
-1.49131       -3.33190       
-6.42776       -7.53403       
-3.07083       -2.07901       
3.57032        2.07782        
-3.01361       -6.19888       
-8.04901       -8.69751       
5.13375        6.23107        
1.92761        3.40462        
-4.49300       -4.63009       
