25Hz,30000
25.91014       19.53483       
1123.79313     695.61243      
4463.93371     2711.77232     
5275.56777     4202.17812     
3832.71217     3561.20110     
1923.73395     2051.89228     
778.85151      1167.40644     
337.48388      702.09146      
172.86777      458.07540      
104.92980      318.90929      
74.81098       236.37712      
64.19957       187.59191      
39.87014       137.23314      
28.56970       106.57489      
31.74663       93.86480       
34.48308       82.57687       
18.55731       56.28407       
16.64698       47.70279       
30.37691       55.89902       
22.15207       41.61298       
11.49237       28.38314       
12.59685       29.19078       
22.71891       36.03339       
22.20750       32.79805       
4.04954        13.87537       
10.60426       21.04461       
18.39101       23.33343       
6.15478        6.32763        
2.26498        3.21090        
15.19799       16.41691       
23.95928       24.05167       
0.81539        2.16305        
4.12166        6.55353        
29.42979       31.75914       
10.32591       11.68311       
-6.60479       -2.94805       
4.01437        8.38280        
18.18955       19.76848       
7.98345        6.93679        
-10.78904      -12.10272      
13.47721       13.27455       
20.24174       19.24753       
-0.21398       -2.02596       
-4.09126       -2.99454       
12.77626       14.83977       
13.84079       13.78477       
-2.68579       -5.42581       
23.12660       16.63983       
36.47506       31.47423       
12.92765       10.49221       
-6.03557       -3.04341       
6.85930        11.76655       
30.04372       32.67586       
9.78768        10.03325       
-15.88464      -13.43310      
14.09531       15.69092       
19.62662       19.21713       
-14.17696      -14.42909      
-13.97431      -12.69937      
17.43019       16.53671       
15.15448       12.67612       
-2.12967       -4.18544       
-5.36799       -4.52876       
18.28611       18.90957       
14.26876       11.50548       
-7.17819       -9.06408       
9.91762        9.26971        
26.98898       25.04706       
2.09928        -0.33855       
-16.21604      -14.92977      
10.03146       11.09362       
20.40982       20.13803       
-6.45638       -7.20322       
-11.02209      -9.99212       
22.10379       21.42906       
16.46161       11.84642       
-11.82199      -14.71937      
-11.38568      -10.10001      
15.61165       16.19816       
8.88526        8.05080        
-20.65897      -18.18478      
2.53975        7.04765        
26.07822       28.21267       
2.49147        2.79307        
-14.43744      -10.89752      
3.89695        7.50303        
17.52734       17.72761       
0.50604        -1.32978       
-7.97451       -7.82788       
18.98766       20.19942       
24.14465       23.15283       
-4.55678       -4.25220       
-4.71532       -2.53141       
26.67785       27.66728       
15.56337       13.83662       
-7.24256       -8.45015       
11.68787       11.15561       
20.67685       18.23127       
4.19140        2.02715        
0.08523        -0.25153       
6.38902        6.87420        
11.56330       11.71350       
-6.36160       -4.63545       
-11.60145      -9.57549       
16.53790       15.93232       
15.08832       11.08050       
3.21984        -0.13649       
2.90215        2.68877        
9.99749        9.80020        
15.84172       14.03809       
4.84645        4.42624        
6.28769        7.77543        
6.01292        7.86483        
-2.65300       -1.51694       
-7.78437       -5.40853       
1.09851        1.59264        
3.86715        2.85625        
3.16024        1.82688        
-0.37551       -0.55671       
13.80146       13.61907       
15.44535       13.76152       
7.56025        6.43611        
3.43442        4.23491        
7.20799        7.64489        
1.42634        1.48177        
-1.75714       -0.59545       
-2.95699       -2.76864       
3.09765        2.10106        
5.43535        4.22597        
12.62844       11.37614       
5.74112        5.32150        
-7.49767       -5.81622       
6.37412        7.93934        
6.10411        5.61357        
1.18256        -0.09537       
2.95937        2.26498        
11.98053       11.08706       
9.76562        8.06808        
4.00543        3.70026        
0.99361        2.75731        
11.28495       14.14955       
5.67019        7.44045        
-5.76019       -4.11987       
7.20441        8.22246        
17.63523       16.23750       
12.44426       9.84371        
-3.20673       -4.24922       
3.98636        6.74784        
4.93467        9.17733        
-2.34604       -0.09537       
10.06067       10.62810       
26.18730       25.32601       
18.00656       16.81447       
-3.48628       -3.71397       
-0.41544       0.12398        
21.07739       19.95802       
9.08673        6.05762        
-8.54254       -10.36227      
6.42538        7.03871        
18.93222       17.71331       
0.24319        0.26643        
-6.88553       -5.64039       
11.15382       12.80427       
17.07911       16.79122       
-9.38892       -11.00123      
-1.33157       -1.42574       
21.05951       20.50638       
12.87341       11.60741       
-7.54297       -7.19905       
3.27289        5.57482        
22.72844       24.83368       
2.41160        3.99530        
-13.74662      -11.62052      
10.15782       11.97338       
17.41171       16.86513       
-5.83589       -6.66201       
-16.39843      -15.10203      
9.85563        11.75880       
24.33777       24.87183       
-5.14448       -5.51224       
-4.56393       -2.49088       
18.37492       20.14875       
20.06233       17.51781       
-2.94507       -5.69880       
1.67429        1.73688        
24.48022       23.68331       
14.15908       10.53751       
-17.02368      -17.20786      
-3.25084       0.19908        
21.34085       22.69804       
-0.86367       -2.71261       
-7.84278       -8.17299       
16.80851       16.47592       
21.32893       19.05799       
-4.17888       -6.35445       
-6.82831       -6.73592       
19.07051       20.04743       
13.04865       12.82513       
-12.81917      -11.48462      
-5.34296       -0.46670       
13.53860       16.76679       
4.24981        5.23150        
-13.65304      -12.45320      
-6.16312       -3.73662       
4.11570        6.18994        
-15.02097      -14.24372      
-17.39562      -15.35714      
5.28395        6.82890        
13.27515       13.12256       
-6.44386       -6.68049       
-10.82659      -9.43720       
14.51075       15.23256       
11.08587       8.97944        
-9.29117       -11.60562      
-4.45306       -4.93526       
12.95447       11.35588       
5.89371        3.35693        
-5.78821       -7.55548       
2.46704        2.67327        
17.08448       17.85696       
-3.33130       -3.77834       
-9.75370       -9.44495       
7.48038        7.27892        
17.22932       15.13064       
10.29134       7.50005        
8.89063        7.45058        
16.13855       15.39707       
18.16571       17.89451       
8.09491        8.45432        
-1.48356       0.50426        
1.65939        4.13656        
3.93867        5.20825        
7.85410        7.40945        
10.23352       8.55505        
16.32452       14.47737       
11.86907       10.27524       
6.31988        7.04587        
4.68314        5.37813        
6.14047        6.47426        
2.43306        3.92616        
-0.84937       1.48833        
-1.47462       0.17762        
1.16229        0.95010        
1.11163        -0.26226       
-1.83821       -3.06070       
1.34766        0.52333        
6.59823        5.57065        
9.53674        8.46863        
4.26054        3.42965        
-3.86357       -3.25620       
-9.88126       -7.93934       
-7.09176       -5.01871       
-4.02272       -3.03745       
-5.29468       -4.56154       
-15.52165      -12.81500      
-38.05220      -30.90024      
1.97768        1.78993        
36.64017       30.51758       
1.11461        -2.25246       
5.86867        7.13468        
-1.08600       -0.04947       
-6.16193       -5.41747       
-1.44958       -1.52588       
1.01089        0.15259        
4.49181        3.56257        
6.25014        6.50167        
6.88136        8.04305        
3.18706        5.65231        
0.62644        2.75433        
1.14441        2.05994        
-3.41415       -2.28882       
-6.90877       -5.02825       
-6.34313       -2.60592       
-0.92685       2.17855        
-1.12534       0.75400        
1.76013        2.75433        
7.16031        5.65588        
5.76019        3.58999        
3.84212        2.65956        
4.63367        2.94268        
3.35693        0.45776        
1.88649        -0.40472       
3.35157        0.93937        
-0.69976       -2.61843       
-1.03831       -1.63496       
-1.29521       -1.13070       
-10.76579      -10.17690      
-11.20746      -12.87758      
-9.76861       -13.23283      
-9.30548       -10.90765      
-2.30610       -2.15411       
-3.30865       -3.85225       
-7.45416       -6.44624       
-0.65267       0.43690        
-1.14441       -0.15259       
4.08173        4.86374        
18.65387       18.53943       
5.41568        6.16431        
-5.18262       -2.40684       
11.50131       13.00812       
