6.25Hz,30000
-0.45359       
-0.06318       
0.00775        
-0.51141       
-0.40591       
-0.43631       
-0.21577       
-0.42558       
-0.91910       
-1.12951       
-1.33157       
-0.92208       
0.00477        
-0.47863       
-0.63121       
-0.46313       
0.01550        
0.02146        
-0.06437       
-0.45478       
0.00060        
-0.28074       
-0.30577       
0.00298        
-0.16153       
-0.55432       
-1.08123       
-0.92804       
-0.52214       
-0.32902       
-0.20027       
0.01013        
-0.36657       
-0.52214       
-0.01729       
0.02384        
0.02861        
0.01311        
0.03695        
0.02205        
0.00119        
0.00656        
0.02325        
0.02444        
0.01013        
-0.01490       
-0.33379       
-1.14441       
-0.62644       
-0.14544       
0.00119        
-0.10729       
0.00715        
0.00894        
-0.07391       
-0.19073       
-0.46611       
-0.46074       
-0.35226       
-0.39518       
-0.17107       
-0.54359       
-0.11265       
0.01490        
0.01252        
-0.83983       
-0.88692       
-0.34988       
-0.02623       
-0.32365       
-0.31233       
-0.20385       
-0.55432       
-0.25749       
0.00238        
-0.46253       
-0.60141       
0.00179        
-0.28849       
-0.52035       
0.00000        
-0.52750       
-0.94831       
-0.46611       
-0.13947       
-0.46849       
-0.24974       
0.00536        
0.00298        
-0.33855       
0.00000        
0.00715        
0.01490        
-0.48935       
-0.80347       
-0.55909       
-0.10431       
0.00536        
0.00060        
0.00715        
0.00179        
-0.52333       
-0.69797       
-0.74327       
-0.76175       
-0.43988       
0.00179        
-0.57757       
-0.66042       
-0.31531       
-0.23365       
-0.21100       
0.00596        
0.00715        
-0.46492       
-0.46909       
-0.29147       
-0.60558       
-0.55313       
-0.60618       
-1.05023       
-0.54538       
-0.17643       
-0.22948       
0.01013        
0.02027        
0.02384        
0.02861        
0.01550        
-0.22411       
-0.37253       
-0.05662       
-0.55313       
-0.70930       
0.00715        
0.00775        
-0.21040       
-1.22845       
-0.77724       
-0.55015       
-0.77307       
0.00358        
0.00238        
0.00656        
0.00834        
0.01252        
-0.11265       
-0.52929       
-0.21398       
0.00715        
0.00417        
-0.12577       
-0.04768       
0.00238        
0.00775        
0.01967        
0.01550        
0.00060        
-0.21696       
0.01132        
0.01848        
0.01490        
0.00715        
0.02205        
0.00894        
0.00358        
-0.22709       
-0.27537       
-0.02623       
0.01132        
0.01252        
0.00060        
0.00656        
-0.20742       
-0.19968       
-0.47266       
-1.05262       
-0.63181       
-0.25809       
0.00060        
0.00417        
0.00000        
-0.18299       
0.00894        
0.00000        
0.00894        
0.01729        
-0.21398       
-0.90957       
-0.68128       
-0.65684       
-0.63956       
-0.93043       
-0.38624       
0.00536        
-0.74625       
-0.40352       
0.00477        
0.00179        
0.00060        
0.01788        
-0.01729       
-0.37432       
-0.20325       
0.00834        
0.00238        
-0.07272       
0.01192        
0.01729        
-0.40591       
-0.81241       
-0.87500       
-0.22709       
-0.33617       
-0.36061       
0.00536        
0.01371        
0.01013        
0.00596        
0.02623        
0.02563        
-0.31292       
-0.37432       
0.01073        
0.00834        
0.00656        
0.01788        
0.01550        
0.00775        
-0.36240       
-0.77307       
-0.38743       
-0.20266       
-0.14544       
0.00417        
-0.11384       
-0.13232       
-0.11921       
0.00298        
0.02563        
0.01431        
-0.48280       
-0.83208       
-0.62525       
-0.00119       
0.00715        
-0.07808       
-0.36657       
0.00060        
0.00656        
0.01729        
-0.15914       
-0.35644       
0.00238        
0.01192        
-0.33915       
-0.03994       
0.00775        
0.00894        
0.00000        
-0.06914       
-0.41842       
-0.24140       
0.02325        
0.01073        
-0.57817       
-0.17107       
-0.11265       
-0.05305       
-0.20266       
0.00894        
0.01550        
-0.36597       
-0.30994       
-0.13471       
0.00834        
0.01073        
0.01371        
0.00715        
-0.18179       
-0.14305       
-0.41485       
0.01073        
0.00656        
-0.38326       
-0.60797       
-0.43869       
0.00238        
-0.07749       
-0.27359       
-0.53048       
-0.20623       
-0.33498       
-0.41485       
-0.22888       
-0.21100       
-0.47207       
-0.41842       
-0.36299       
-0.19610       
-0.60439       
-0.20325       
-0.33379       
0.00477        
0.01609        
0.02027        
0.00000        
0.00179        
0.00358        
-0.15736       
0.00834        
0.02503        
0.00834        
-0.16451       
-0.08762       
-0.28610       
-0.39816       
-0.44584       
-0.52392       
-0.81897       
-0.65386       
-0.28133       
-0.21636       
-0.07212       
-0.14901       
-0.01311       
-0.02384       
-0.52989       
0.00417        
0.00894        
0.00179        
0.00775        
0.00894        
0.02086        
0.00119        
-0.64492       
-0.24199       
0.00954        
-0.19789       
-0.29743       
0.00060        
0.01609        
0.01729        
-0.09358       
-0.36895       
-0.64731       
-0.30637       
-0.47922       
-0.10610       
0.01848        
0.01550        
0.00179        
-0.10431       
0.00179        
-0.01132       
0.00477        
0.02205        
0.01729        
0.00834        
0.01490        
0.01609        
-0.32783       
0.00894        
0.02205        
0.00596        
-0.28968       
0.00358        
0.00358        
0.00179        
-0.09418       
0.00060        
0.02503        
0.02205        
0.02086        
0.02801        
0.01311        
0.01669        
0.00834        
-0.63300       
-0.53167       
0.00238        
0.01371        
0.03695        
0.03397        
0.01132        
0.00119        
0.00834        
-0.16391       
0.00060        
-0.10014       
-0.28729       
0.01431        
0.03040        
0.01669        
-0.07033       
0.00596        
0.00954        
0.00000        
-0.14305       
-0.24974       
0.00298        
0.01073        
0.00119        
0.00536        
-0.16630       
-0.49770       
-0.01550       
0.00060        
-0.01967       
-0.21815       
-0.58711       
-0.05186       
0.00000        
0.01132        
0.01669        
0.01311        
0.01967        
0.01073        
0.00060        
-0.02027       
0.00358        
0.01431        
0.00536        
-0.56446       
-0.40233       
0.00596        
0.00536        
0.00954        
0.01550        
0.00060        
0.00715        
-0.11086       
-0.35107       
-0.12517       
-0.17345       
0.01192        
0.02444        
-0.18775       
-0.62823       
-0.59485       
-0.70393       
-0.47982       
-0.04709       
-0.50604       
-0.55909       
-0.29445       
-0.62048       
-0.31829       
0.00060        
-0.08404       
0.00000        
-0.27359       
-0.58472       
-0.46313       
-1.00613       
-0.63121       
-0.11504       
-0.67115       
-0.17226       
0.00417        
0.00060        
-0.36716       
-0.08166       
-0.38266       
-0.62764       
0.00775        
0.00775        
-0.18656       
-0.28014       
0.00000        
-0.30041       
0.00596        
0.02444        
0.00238        
0.01490        
0.01848        
-0.15259       
0.00119        
0.01490        
0.00238        
0.02027        
0.01490        
-0.28670       
0.00119        
-0.07868       
-0.05364       
0.00656        
0.04053        
0.02801        
-0.49829       
-0.43750       
0.00834        
-0.18775       
0.00060        
-0.27239       
-0.58055       
-0.46372       
-0.43154       
-0.20325       
-0.20266       
0.01132        
0.01371        
0.01192        
0.00060        
0.00358        
0.02146        
0.00715        
0.00000        
-0.08821       
0.00775        
0.01013        
0.00358        
0.00954        
-0.21338       
-0.95487       
-0.95010       
-0.91672       
-0.18060       
-0.02861       
-0.05722       
-0.16928       
-0.18775       
-0.46134       
-0.34750       
-0.26464       
0.00060        
0.00656        
0.00060        
-0.10490       
-0.24974       
-0.34511       
-0.29743       
-0.33915       
0.00179        
0.01431        
0.00119        
-0.17881       
0.00656        
0.00477        
-0.24199       
-0.51081       
0.01192        
0.03338        
0.03159        
0.02205        
-0.15020       
-0.23186       
-0.09596       
-0.18895       
0.00358        
0.01490        
0.00358        
-0.09656       
0.00536        
-0.33677       
0.00000        
0.00656        
0.00119        
0.00358        
0.00000        
-0.78976       
-0.96321       
-0.44644       
-0.14424       
0.01788        
0.01729        
-0.00179       
0.00417        
-0.16391       
-0.02027       
0.00834        
0.01192        
0.01967        
0.02205        
0.00775        
-0.06139       
0.00060        
0.00775        
0.00775        
0.02086        
0.02921        
0.01311        
0.01490        
0.01132        
0.01907        
0.02563        
0.01967        
0.01311        
-0.08941       
-0.29683       
0.01311        
0.02444        
0.00417        
0.00775        
0.00417        
-0.37551       
-0.36120       
-0.64969       
-0.21577       
0.01669        
0.02027        
-0.16689       
-0.31412       
0.01311        
0.01550        
-0.08166       
-0.17405       
0.00358        
0.00656        
0.00596        
0.00656        
0.00954        
-0.14901       
-0.75161       
-0.57459       
-0.04351       
0.00179        
0.00656        
0.01192        
0.02086        
-0.05305       
-0.36120       
-0.67830       
-0.31710       
-0.67115       
-0.60081       
-0.19610       
-0.62644       
-0.23067       
-0.17881       
-0.45955       
0.01192        
0.00834        
-0.48101       
-0.77903       
-0.88930       
-0.36955       
-0.26584       
0.00060        
-0.16391       
-0.37551       
0.00179        
-0.24140       
-0.26762       
-0.54896       
-0.30339       
0.00417        
0.00238        
-0.24259       
0.01371        
0.03755        
0.03338        
0.00894        
0.00715        
0.00715        
-0.03278       
-0.47088       
0.00477        
0.01907        
0.00238        
-0.44107       
-0.05245       
-0.02444       
-0.31292       
-0.02325       
-0.12159       
0.00894        
0.01729        
-0.28014       
0.00536        
0.01132        
0.00000        
0.02503        
0.01967        
-0.50366       
-0.66578       
-0.33021       
0.00060        
-0.54240       
-0.81182       
0.00238        
0.00834        
-0.37313       
-0.20862       
0.00775        
0.00298        
-0.15557       
-0.63896       
-0.25392       
-0.21815       
0.00000        
0.00358        
-0.04888       
-0.53287       
-0.33677       
0.00417        
0.01371        
0.02921        
0.02444        
0.00179        
0.01609        
0.03695        
0.02325        
0.01073        
-0.06080       
-0.09000       
0.00894        
0.01132        
0.00894        
0.00596        
0.00417        
-0.02921       
-0.28908       
-0.26584       
-0.17524       
0.01013        
0.03040        
0.02921        
0.01550        
0.00954        
0.00298        
-0.17107       
0.00358        
0.01252        
-0.02086       
-0.32425       
0.01252        
0.02027        
0.01907        
0.01192        
0.01192        
-0.05484       
0.01609        
0.03099        
0.01013        
0.01073        
0.02444        
0.01550        
0.01192        
-0.55015       
-1.10447       
-0.39458       
0.02086        
0.02027        
0.00119        
-0.31173       
-0.11086       
-0.28312       
-0.12755       
0.00656        
0.02623        
0.00894        
-0.54300       
-0.54836       
0.00119        
-0.03457       
-0.35763       
-0.11444       
0.00417        
-0.42140       
-0.49055       
-0.09358       
0.00060        
0.00477        
0.00119        
0.02682        
0.03815        
0.00119        
-0.30518       
-0.33796       
-0.16689       
0.00179        
-0.07987       
0.01252        
0.00477        
-0.45180       
-0.60380       
-0.90241       
-0.74446       
-0.15199       
0.00060        
0.00298        
-0.14067       
0.00536        
0.01848        
0.00954        
0.00775        
0.01490        
0.00477        
-0.04232       
0.00179        
0.01371        
0.00060        
0.00000        
0.01192        
0.01848        
0.02027        
0.02205        
0.00536        
-0.40770       
0.00417        
0.00119        
-0.50366       
-0.18716       
0.01073        
0.01311        
0.00119        
-0.57340       
-0.57578       
-0.46432       
-0.06080       
0.01550        
0.02146        
0.01371        
-0.14722       
-0.26643       
0.00179        
-0.19073       
-0.58293       
-0.35882       
0.00954        
0.01729        
0.01192        
0.00656        
-0.35524       
-0.07927       
-0.35107       
-0.16987       
0.01609        
0.00179        
-0.42558       
-0.21338       
0.00358        
-0.06676       
-0.52035       
-0.28014       
0.01371        
0.01431        
0.00596        
-0.30458       
0.00715        
-0.14365       
-0.78857       
-0.80466       
-0.08166       
0.00536        
0.00060        
0.01609        
0.01252        
0.01371        
0.01669        
0.02682        
0.02384        
0.00179        
-0.02861       
0.00298        
-0.11802       
-0.09179       
0.01192        
0.01967        
0.03397        
0.00358        
0.00596        
0.00238        
0.00060        
0.01967        
0.02563        
0.01848        
0.01013        
0.01073        
0.01311        
0.01132        
-0.02384       
-0.38505       
-0.12517       
-0.09537       
-0.13828       
0.00536        
0.00656        
0.01073        
0.01073        
0.00894        
-0.08464       
-0.09060       
-0.14603       
0.00000        
0.00954        
-0.15855       
-0.59307       
-0.83148       
-0.51558       
-0.27418       
-0.47386       
0.00179        
0.00358        
0.02325        
0.02205        
0.00775        
0.00715        
0.01431        
-0.00358       
0.00119        
0.00060        
0.00119        
-0.35584       
-0.31352       
0.02205        
0.00954        
-0.18597       
-0.18775       
0.00775        
0.00775        
0.00000        
0.00000        
-0.13113       
0.01132        
0.00238        
-0.05186       
0.01669        
-0.02742       
-0.26941       
0.00358        
0.01550        
0.00417        
0.00954        
-0.16689       
0.00238        
-0.09716       
0.00119        
0.01192        
0.00596        
-0.40889       
-0.23127       
-0.14722       
0.00238        
-0.21458       
0.00179        
0.01550        
0.00119        
0.00238        
0.01669        
-0.14007       
-0.88036       
-0.64373       
0.00954        
0.00536        
0.00119        
0.00715        
-0.19014       
0.00358        
-0.15914       
-0.29922       
-0.01907       
-0.65207       
-0.46790       
-0.21636       
0.00715        
0.00477        
0.01848        
0.03576        
0.00238        
-0.43273       
-0.48697       
-0.19848       
0.02503        
0.02325        
0.01311        
0.00536        
0.02027        
-0.04351       
-0.85652       
-0.36716       
0.00477        
0.02325        
0.01371        
-0.09060       
0.00596        
0.01132        
-0.19550       
-0.00596       
0.01490        
0.01431        
0.00358        
0.00834        
0.00238        
-0.25988       
0.00834        
0.01073        
-0.64850       
0.00894        
0.01907        
0.00000        
0.00119        
0.02921        
0.02563        
0.00238        
-0.20504       
-0.09239       
0.00119        
0.00775        
0.01192        
0.00179        
-0.31650       
-0.19729       
0.01788        
0.03576        
0.01848        
0.00834        
0.01371        
-0.51558       
-0.55850       
-0.68486       
-0.55373       
0.00536        
0.01848        
0.02205        
0.01252        
0.00656        
0.00000        
-0.27955       
0.01252        
0.01788        
0.00060        
0.00596        
0.00834        
-0.10431       
-0.27418       
0.00894        
0.00656        
0.02742        
0.03099        
0.00894        
-0.10848       
-0.20325       
-0.44048       
-0.34451       
-0.40233       
-0.17822       
0.00238        
-0.16391       
-0.32365       
0.01132        
0.01311        
-0.16630       
-0.48757       
-0.18060       
-0.00358       
0.00417        
-0.16689       
-0.34690       
-0.47147       
-0.87619       
-0.69857       
-0.47565       
0.00834        
0.02623        
0.01490        
-0.06258       
-0.22471       
-0.13232       
0.01311        
0.00536        
-0.12994       
-0.25392       
-0.04232       
0.03159        
0.02801        
-0.08404       
-0.31650       
-0.84460       
-0.63241       
0.00477        
0.01609        
-0.25511       
-0.94354       
-0.16212       
-0.02742       
0.00954        
0.00417        
-0.05066       
-0.16391       
-0.09358       
-0.49233       
0.00119        
0.02027        
0.01967        
-0.10967       
-0.28253       
-0.33259       
-0.48459       
-0.68843       
-0.89586       
-0.46968       
0.00179        
0.00298        
-0.03815       
-0.39816       
-0.20266       
0.00715        
0.01252        
-0.08702       
-0.30398       
0.00596        
0.01132        
0.01192        
-0.09239       
0.01252        
0.02146        
0.01132        
0.01132        
-0.16510       
0.00000        
0.01550        
0.01490        
0.01788        
0.01431        
-0.33200       
-0.61810       
-0.46730       
0.01132        
0.01788        
0.01311        
0.00298        
-0.05305       
0.00119        
-0.31173       
0.00954        
0.00238        
-0.21636       
-0.20981       
0.00894        
0.02384        
0.01788        
0.01788        
0.00298        
-0.19968       
-0.17464       
0.01132        
0.01192        
0.00060        
0.00417        
0.00060        
0.00060        
0.00179        
0.00119        
0.00596        
0.01609        
0.01669        
0.01371        
0.00298        
0.00775        
0.00179        
-0.09239       
-0.43809       
-0.61452       
-0.07331       
0.01550        
0.02503        
0.00656        
-0.09060       
0.00596        
0.00775        
0.00715        
0.01252        
-0.04411       
-0.36240       
-0.78261       
-0.26047       
0.02980        
0.02384        
0.01311        
0.01550        
0.01431        
0.01192        
-0.02146       
-0.14663       
0.00417        
0.01192        
0.02682        
0.01788        
0.00000        
-0.25690       
-0.12696       
0.01252        
0.01907        
0.01311        
0.00179        
0.00596        
0.03159        
0.01967        
-0.56505       
-0.88930       
-0.96321       
-0.41366       
0.01490        
0.01252        
0.02563        
0.01967        
0.00834        
0.00596        
