25Hz,30000
-0.59664       
0.00536        
0.00656        
0.00119        
0.01073        
0.01848        
-0.10610       
-0.21219       
-0.19789       
0.00060        
0.00238        
-0.53704       
-0.77248       
0.00656        
0.00775        
0.00417        
-0.18239       
-0.08523       
0.00417        
0.01311        
0.00477        
0.00298        
0.01490        
0.00834        
0.00000        
-0.20385       
0.00238        
0.01967        
0.00536        
-0.13471       
-0.32842       
0.01252        
0.02682        
0.02861        
0.01907        
0.00834        
-0.17524       
-0.28014       
-0.41068       
-0.26703       
0.00298        
-0.53763       
0.00954        
0.02444        
0.01252        
0.00536        
0.00298        
-0.01550       
-0.90361       
-1.37210       
-0.86904       
-0.29743       
0.00656        
0.01013        
0.02265        
0.00894        
-0.24498       
-0.05603       
-0.59843       
-0.69678       
-0.61810       
0.00656        
0.00477        
-0.22888       
-0.33855       
-0.34153       
-0.47326       
-0.53763       
-0.02027       
0.01669        
0.01073        
0.00179        
0.01431        
0.02146        
0.00954        
0.01132        
-0.47684       
-0.41723       
0.01252        
0.00536        
-0.27299       
0.00119        
-0.19908       
-0.35286       
0.00119        
-0.10490       
0.00894        
-0.06080       
-0.44405       
-0.16987       
0.01311        
0.00477        
-0.39816       
0.00119        
0.01192        
0.00179        
-0.06855       
0.00000        
-0.72837       
-1.00076       
-0.11027       
0.01848        
0.01609        
0.00119        
0.00298        
0.03159        
0.02742        
0.00060        
-0.33855       
-0.38922       
-0.47624       
-0.51856       
-0.15914       
0.01311        
0.01788        
0.02921        
0.03397        
0.01967        
0.00358        
-0.06139       
-0.43154       
-0.44703       
0.00536        
0.01848        
0.03099        
0.00775        
-0.49472       
-0.17583       
0.00834        
0.01907        
0.02265        
0.00536        
-0.22590       
0.00834        
0.00715        
-0.13351       
-0.14484       
0.00596        
0.00715        
-0.16451       
-0.06676       
0.00060        
-1.04427       
-0.67413       
-0.62764       
-0.24736       
0.01132        
0.01192        
0.00477        
-0.53942       
-0.61095       
-0.47743       
-0.83029       
-0.45300       
0.01907        
-0.04768       
0.00298        
-0.21935       
-0.44525       
-0.16332       
-0.33319       
-0.18895       
0.00000        
-0.58055       
-0.11921       
-0.01252       
0.00477        
0.00894        
0.00417        
0.00477        
-0.11146       
-0.04232       
-0.08464       
-0.59962       
-0.44107       
-0.15020       
0.01431        
0.01609        
0.00238        
-0.06735       
0.00596        
0.01013        
0.01192        
-0.08106       
-0.56088       
-0.56624       
-0.45896       
-0.11683       
-0.07868       
-0.15080       
-0.36955       
-0.29206       
-0.33975       
-0.57340       
-0.34273       
0.01490        
0.01252        
-0.56505       
-0.33975       
-0.25332       
-0.07927       
0.01311        
-0.26107       
-0.47922       
-0.51796       
0.00238        
0.01073        
-0.24915       
-0.85831       
-1.04249       
-0.55134       
0.00596        
-0.32306       
-0.17762       
0.00179        
0.00298        
0.01967        
0.00954        
-0.38087       
0.00179        
0.01013        
-0.24736       
-0.18835       
0.01788        
0.01729        
-0.12994       
-0.56982       
-0.74923       
-0.45240       
-0.29206       
-0.78440       
-0.45598       
-0.16868       
-0.09060       
0.01311        
0.01788        
0.01729        
0.02921        
0.02027        
0.00417        
0.00000        
-0.14007       
0.00477        
0.00298        
-0.34928       
-0.16332       
0.00000        
-0.17107       
0.00477        
0.00656        
0.00596        
-0.04530       
0.00358        
0.01550        
0.01311        
0.02265        
0.03457        
0.01967        
0.00179        
-0.63121       
-0.80764       
-0.54121       
0.00000        
0.02503        
0.01371        
-0.16451       
-0.42737       
-0.31590       
0.00775        
0.00954        
0.00477        
-0.32663       
-0.28491       
-0.28193       
-0.80764       
-1.17064       
-0.46253       
0.00834        
0.01967        
0.01490        
0.00298        
0.00656        
-0.25988       
-0.29683       
-0.64552       
-1.34110       
-0.89765       
-0.06437       
0.01371        
0.00358        
-0.50962       
-1.06215       
-0.61870       
-0.14484       
0.00238        
0.00238        
0.00238        
0.00894        
-0.11504       
0.00417        
