25Hz 高,500000
0.00000        
5143.81250     
8191.96875     
8191.96875     
8191.96875     
8191.96875     
7623.12500     
5736.65625     
4255.90625     
3129.18750     
2285.37500     
1660.18750     
1201.87500     
868.09375      
625.87500      
451.00000      
325.28125      
235.06250      
170.43750      
123.93750      
91.40625       
67.68750       
50.75000       
39.06250       
30.65625       
24.75000       
20.25000       
16.81250       
14.96875       
13.18750       
12.09375       
11.06250       
10.56250       
10.03125       
9.34375        
9.00000        
8.93750        
8.56250        
8.00000        
8.06250        
7.93750        
7.75000        
7.31250        
7.40625        
7.53125        
6.93750        
7.09375        
6.53125        
6.84375        
6.68750        
6.15625        
6.21875        
6.21875        
5.96875        
5.87500        
5.87500        
5.90625        
5.84375        
5.68750        
5.62500        
5.34375        
5.40625        
5.21875        
5.03125        
5.25000        
4.96875        
5.12500        
4.93750        
5.03125        
4.84375        
4.65625        
4.78125        
4.56250        
4.21875        
4.46875        
4.50000        
4.34375        
4.21875        
4.37500        
4.25000        
4.28125        
4.18750        
3.96875        
4.12500        
4.15625        
3.87500        
3.81250        
3.93750        
3.78125        
3.50000        
3.68750        
3.65625        
3.56250        
3.62500        
3.65625        
3.68750        
3.56250        
3.21875        
3.56250        
3.68750        
3.15625        
3.21875        
3.56250        
3.28125        
3.09375        
3.25000        
3.50000        
3.25000        
2.90625        
3.06250        
3.34375        
3.31250        
2.81250        
3.03125        
3.18750        
2.68750        
2.84375        
2.93750        
3.12500        
2.90625        
2.65625        
3.09375        
2.78125        
2.43750        
2.68750        
3.03125        
2.81250        
2.21875        
2.81250        
3.12500        
2.65625        
2.40625        
2.71875        
2.90625        
2.59375        
2.28125        
2.53125        
2.78125        
2.25000        
2.28125        
2.71875        
2.50000        
2.15625        
2.21875        
2.87500        
2.37500        
2.12500        
2.50000        
2.68750        
2.31250        
2.09375        
2.59375        
2.46875        
2.06250        
2.12500        
2.40625        
2.53125        
2.12500        
2.09375        
2.43750        
2.37500        
1.90625        
2.21875        
2.46875        
2.18750        
2.03125        
2.06250        
2.31250        
2.00000        
1.81250        
2.15625        
2.12500        
2.03125        
1.93750        
2.18750        
2.09375        
1.90625        
1.90625        
1.90625        
1.87500        
1.68750        
1.81250        
2.15625        
1.93750        
1.81250        
2.03125        
2.09375        
1.75000        
1.81250        
1.90625        
1.93750        
1.81250        
1.56250        
1.81250        
1.93750        
1.87500        
1.84375        
1.53125        
1.71875        
1.75000        
1.90625        
1.68750        
1.37500        
1.65625        
1.90625        
1.68750        
1.53125        
1.40625        
1.96875        
1.59375        
1.53125        
1.68750        
1.78125        
1.81250        
1.62500        
1.53125        
1.59375        
1.56250        
1.59375        
1.56250        
1.53125        
1.53125        
1.46875        
1.50000        
1.59375        
1.71875        
1.65625        
1.31250        
1.50000        
1.65625        
1.46875        
1.28125        
1.40625        
1.56250        
1.43750        
1.43750        
1.65625        
1.46875        
1.34375        
1.40625        
1.50000        
1.43750        
1.50000        
1.40625        
1.56250        
1.62500        
1.31250        
1.43750        
1.53125        
1.40625        
1.43750        
1.37500        
1.18750        
1.28125        
1.31250        
1.40625        
1.37500        
1.34375        
1.25000        
1.28125        
1.43750        
1.12500        
1.21875        
1.56250        
1.37500        
1.21875        
1.28125        
1.31250        
1.28125        
1.28125        
1.28125        
1.21875        
1.09375        
1.31250        
1.21875        
1.31250        
1.25000        
1.34375        
1.34375        
1.12500        
1.15625        
1.28125        
1.09375        
1.12500        
1.15625        
1.15625        
1.34375        
1.25000        
1.12500        
1.25000        
1.21875        
1.31250        
1.09375        
1.09375        
1.40625        
1.09375        
1.00000        
1.34375        
1.18750        
0.90625        
1.15625        
1.28125        
1.00000        
0.93750        
0.90625        
1.40625        
1.40625        
0.75000        
0.81250        
1.18750        
1.28125        
0.75000        
1.15625        
1.00000        
1.34375        
1.06250        
0.75000        
1.12500        
1.12500        
1.09375        
0.96875        
1.12500        
0.96875        
1.18750        
1.15625        
1.00000        
1.00000        
1.00000        
1.28125        
1.00000        
1.18750        
0.90625        
1.00000        
1.03125        
0.71875        
0.90625        
1.18750        
0.78125        
0.84375        
1.00000        
1.25000        
1.00000        
1.03125        
1.03125        
0.93750        
1.03125        
0.90625        
0.78125        
1.12500        
1.03125        
0.78125        
1.21875        
0.90625        
0.75000        
0.87500        
1.00000        
1.06250        
0.78125        
0.93750        
0.87500        
0.90625        
1.03125        
0.81250        
0.62500        
1.06250        
1.00000        
0.93750        
0.75000        
0.65625        
0.96875        
1.12500        
0.81250        
0.65625        
0.90625        
0.84375        
0.84375        
0.71875        
0.65625        
0.96875        
0.93750        
0.87500        
0.87500        
0.93750        
0.96875        
1.00000        
0.78125        
0.62500        
0.68750        
0.81250        
0.78125        
0.78125        
0.62500        
0.81250        
0.84375        
0.71875        
0.78125        
0.93750        
0.81250        
0.90625        
0.62500        
0.78125        
1.03125        
0.78125        
0.71875        
0.84375        
0.93750        
0.71875        
0.81250        
0.84375        
0.75000        
0.93750        
0.78125        
0.71875        
0.71875        
0.75000        
0.75000        
0.71875        
0.62500        
0.75000        
0.84375        
0.90625        
0.56250        
0.84375        
0.78125        
0.75000        
0.96875        
0.75000        
0.46875        
0.65625        
0.71875        
0.84375        
0.71875        
0.62500        
0.78125        
0.75000        
0.75000        
0.84375        
0.78125        
0.75000        
0.62500        
0.75000        
0.68750        
0.65625        
0.84375        
0.93750        
0.56250        
0.84375        
0.71875        
0.84375        
0.71875        
0.59375        
0.71875        
0.62500        
0.62500        
0.65625        
1.09375        
0.81250        
0.59375        
0.68750        
0.84375        
0.65625        
0.59375        
0.40625        
0.81250        
0.78125        
0.56250        
0.84375        
0.56250        
0.43750        
0.56250        
0.96875        
0.65625        
0.59375        
0.78125        
0.59375        
0.81250        
0.65625        
0.56250        
0.75000        
0.84375        
0.46875        
0.56250        
0.68750        
0.62500        
0.71875        
0.75000        
0.56250        
0.71875        
0.65625        
0.65625        
0.56250        
0.87500        
0.68750        
0.59375        
0.46875        
0.43750        
0.50000        
0.81250        
0.65625        
0.50000        
0.84375        
0.68750        
0.34375        
0.59375        
0.90625        
0.53125        
0.65625        
0.81250        
0.62500        
0.40625        
0.78125        
0.78125        
0.46875        
0.68750        
0.53125        
0.62500        
0.75000        
0.31250        
0.50000        
0.84375        
0.53125        
0.53125        
0.65625        
0.56250        
0.56250        
0.68750        
0.75000        
0.43750        
0.84375        
0.75000        
0.46875        
0.62500        
0.53125        
0.68750        
0.81250        
0.46875        
0.25000        
0.75000        
0.68750        
0.50000        
0.43750        
0.71875        
0.40625        
0.65625        
0.43750        
0.34375        
0.62500        
0.56250        
0.46875        
0.78125        
0.87500        
0.53125        
0.78125        
0.43750        
0.50000        
0.68750        
0.68750        
0.50000        
0.46875        
0.46875        
0.56250        
0.56250        
0.62500        
0.46875        
0.59375        
0.87500        
0.56250        
0.37500        
0.71875        
0.40625        
0.71875        
0.46875        
0.25000        
0.53125        
0.59375        
0.65625        
0.65625        
0.50000        
0.46875        
0.56250        
0.53125        
0.56250        
0.31250        
0.56250        
0.46875        
0.75000        
0.75000        
0.37500        
0.56250        
0.65625        
0.46875        
0.37500        
0.28125        
0.75000        
0.65625        
0.56250        
0.53125        
0.37500        
0.46875        
0.43750        
0.65625        
0.56250        
0.53125        
0.56250        
0.62500        
0.56250        
0.40625        
0.59375        
0.46875        
0.50000        
0.46875        
0.37500        
0.50000        
0.40625        
0.37500        
0.59375        
0.53125        
0.53125        
0.31250        
0.75000        
0.62500        
0.46875        
0.28125        
0.31250        
0.65625        
0.56250        
0.40625        
0.34375        
0.71875        
0.71875        
0.68750        
0.50000        
0.50000        
0.37500        
0.50000        
0.68750        
0.31250        
0.56250        
0.75000        
0.46875        
0.56250        
0.34375        
0.25000        
0.68750        
0.53125        
0.28125        
0.50000        
0.50000        
0.46875        
0.56250        
0.46875        
0.40625        
0.43750        
0.62500        
0.46875        
0.46875        
0.68750        
0.46875        
0.53125        
0.62500        
0.25000        
0.46875        
0.65625        
0.34375        
0.28125        
0.65625        
0.62500        
0.37500        
0.25000        
0.40625        
0.71875        
0.50000        
0.34375        
0.37500        
0.71875        
0.46875        
0.37500        
0.34375        
0.46875        
0.50000        
0.65625        
0.34375        
0.40625        
0.46875        
0.62500        
0.62500        
0.53125        
0.31250        
0.28125        
0.68750        
0.43750        
0.40625        
0.31250        
0.59375        
0.43750        
0.40625        
0.31250        
0.53125        
0.40625        
0.53125        
0.50000        
0.43750        
0.37500        
0.46875        
0.37500        
0.37500        
0.46875        
0.37500        
0.53125        
0.34375        
0.53125        
0.50000        
0.28125        
0.65625        
0.25000        
0.25000        
0.71875        
0.46875        
0.43750        
0.40625        
0.65625        
0.37500        
0.40625        
0.46875        
0.34375        
0.59375        
0.40625        
0.37500        
0.37500        
0.43750        
0.40625        
0.59375        
0.59375        
0.18750        
0.37500        
0.53125        
0.65625        
0.43750        
0.34375        
0.50000        
0.68750        
0.43750        
0.18750        
0.59375        
0.62500        
0.37500        
0.31250        
0.37500        
0.28125        
0.37500        
0.46875        
0.37500        
0.43750        
0.43750        
0.43750        
0.56250        
0.37500        
0.12500        
0.62500        
0.53125        
0.31250        
0.40625        
0.53125        
0.43750        
0.37500        
0.59375        
0.34375        
0.37500        
0.53125        
0.50000        
0.28125        
0.37500        
0.34375        
0.56250        
0.65625        
0.40625        
0.31250        
0.34375        
0.40625        
0.21875        
0.31250        
0.43750        
0.50000        
0.28125        
0.40625        
0.15625        
0.62500        
0.43750        
0.40625        
0.53125        
0.34375        
0.18750        
0.50000        
0.34375        
0.21875        
0.56250        
0.37500        
0.34375        
0.15625        
0.37500        
0.53125        
0.43750        
0.31250        
0.43750        
0.46875        
0.40625        
0.31250        
0.21875        
0.50000        
0.50000        
0.46875        
0.31250        
0.40625        
0.40625        
0.46875        
0.37500        
0.56250        
0.28125        
0.25000        
0.46875        
0.46875        
0.56250        
0.37500        
0.34375        
0.40625        
0.43750        
0.21875        
0.15625        
0.28125        
0.53125        
0.46875        
0.53125        
0.21875        
0.43750        
0.34375        
0.34375        
0.40625        
0.31250        
0.25000        
0.31250        
0.21875        
0.31250        
0.34375        
0.50000        
0.59375        
0.34375        
0.28125        
0.34375        
0.46875        
0.25000        
0.28125        
0.50000        
0.65625        
0.25000        
0.34375        
0.43750        
0.40625        
0.53125        
0.28125        
0.28125        
0.37500        
0.25000        
0.31250        
0.34375        
0.31250        
0.43750        
0.43750        
0.25000        
0.18750        
0.34375        
0.40625        
0.21875        
0.31250        
0.21875        
0.56250        
0.43750        
0.25000        
0.37500        
0.65625        
0.28125        
0.25000        
0.43750        
0.09375        
0.37500        
0.37500        
0.34375        
0.53125        
0.43750        
0.31250        
0.15625        
0.62500        
0.37500        
0.18750        
0.62500        
0.40625        
0.25000        
0.46875        
0.28125        
0.28125        
0.59375        
0.25000        
0.12500        
0.43750        
0.31250        
0.31250        
0.18750        
0.40625        
0.40625        
0.43750        
0.40625        
0.37500        
0.34375        
0.28125        
0.40625        
0.56250        
0.28125        
0.21875        
0.37500        
0.34375        
0.18750        
0.34375        
0.53125        
0.43750        
0.15625        
0.50000        
0.34375        
0.37500        
0.40625        
0.25000        
0.18750        
0.40625        
0.28125        
0.34375        
0.28125        
0.28125        
0.43750        
0.53125        
0.31250        
0.37500        
0.09375        
0.37500        
0.40625        
0.28125        
0.31250        
0.18750        
0.50000        
0.34375        
0.31250        
0.25000        
0.56250        
0.40625        
0.21875        
0.03125        
-0.06250       
0.28125        
0.50000        
0.50000        
0.28125        
0.34375        
0.40625        
0.37500        
0.31250        
0.00000        
0.21875        
0.40625        
0.50000        
0.15625        
0.06250        
0.46875        
0.53125        
0.25000        
0.06250        
0.40625        
0.31250        
0.34375        
0.15625        
0.15625        
0.31250        
0.40625        
0.50000        
0.40625        
0.12500        
0.15625        
0.34375        
0.28125        
0.09375        
0.18750        
0.62500        
0.56250        
0.06250        
0.12500        
0.50000        
0.53125        
0.53125        
0.21875        
0.28125        
0.59375        
0.50000        
0.18750        
0.12500        
0.59375        
0.56250        
0.46875        
0.25000        
0.21875        
0.40625        
0.37500        
0.28125        
0.03125        
0.40625        
0.53125        
0.43750        
0.03125        
0.18750        
0.28125        
0.43750        
0.28125        
0.25000        
0.18750        
0.28125        
0.25000        
0.31250        
0.18750        
0.28125        
0.31250        
0.28125        
0.31250        
0.09375        
0.37500        
0.56250        
0.25000        
0.50000        
0.34375        
0.40625        
0.28125        
0.09375        
0.53125        
0.37500        
0.40625        
0.21875        
0.31250        
0.28125        
0.28125        
0.21875        
0.43750        
0.59375        
0.18750        
0.18750        
0.50000        
0.40625        
0.37500        
0.28125        
0.18750        
0.53125        
0.31250        
0.21875        
0.28125        
0.25000        
0.28125        
0.37500        
0.46875        
0.43750        
0.09375        
0.28125        
0.46875        
0.28125        
0.34375        
0.34375        
0.34375        
0.21875        
0.21875        
0.34375        
0.15625        
0.62500        
0.09375        
0.00000        
0.34375        
0.25000        
0.21875        
0.40625        
0.50000        
0.28125        
0.40625        
0.21875        
0.15625        
0.37500        
0.46875        
0.18750        
0.21875        
0.40625        
0.34375        
0.31250        
0.34375        
0.31250        
0.34375        
0.40625        
0.28125        
0.37500        
0.25000        
0.15625        
0.31250        
0.40625        
0.12500        
0.37500        
0.40625        
0.40625        
0.21875        
0.09375        
0.37500        
0.31250        
0.28125        
0.12500        
0.25000        
0.46875        
0.12500        
0.21875        
0.25000        
0.40625        
0.43750        
0.03125        
0.28125        
0.21875        
0.15625        
0.28125        
0.25000        
0.34375        
0.40625        
0.06250        
0.37500        
0.34375        
0.28125        
0.15625        
0.06250        
0.21875        
0.09375        
0.31250        
0.40625        
0.15625        
0.34375        
0.31250        
0.15625        
0.25000        
0.25000        
0.34375        
0.31250        
0.25000        
0.09375        
0.50000        
0.31250        
0.34375        
0.31250        
0.21875        
0.31250        
0.37500        
0.46875        
0.34375        
0.18750        
0.15625        
0.43750        
0.31250        
0.15625        
0.25000        
0.34375        
0.25000        
0.18750        
0.25000        
0.28125        
0.43750        
0.37500        
0.15625        
0.28125        
0.40625        
0.21875        
0.25000        
0.09375        
0.31250        
0.62500        
0.15625        
-0.03125       
0.31250        
0.40625        
0.31250        
0.00000        
0.21875        
0.34375        
0.46875        
0.31250        
0.06250        
0.34375        
0.40625        
0.28125        
0.34375        
0.12500        
0.12500        
0.28125        
0.37500        
0.15625        
0.25000        
0.31250        
0.12500        
0.40625        
0.34375        
0.06250        
0.25000        
0.28125        
0.21875        
0.37500        
0.09375        
0.34375        
0.37500        
0.12500        
0.12500        
0.25000        
0.43750        
0.28125        
0.12500        
0.28125        
0.40625        
0.25000        
0.15625        
0.09375        
0.50000        
0.37500        
0.12500        
0.15625        
0.37500        
0.40625        
0.40625        
0.15625        
0.34375        
0.34375        
0.09375        
0.03125        
0.34375        
0.28125        
0.34375        
0.18750        
0.09375        
0.31250        
0.18750        
0.28125        
0.28125        
0.31250        
0.25000        
0.06250        
0.37500        
0.40625        
0.28125        
0.00000        
0.31250        
0.43750        
0.28125        
-0.18750       
0.31250        
0.59375        
0.12500        
0.15625        
0.12500        
0.31250        
0.25000        
0.21875        
0.18750        
0.34375        
0.21875        
0.15625        
0.21875        
0.43750        
0.21875        
0.09375        
0.50000        
0.28125        
0.00000        
0.18750        
0.59375        
0.18750        
-0.12500       
0.34375        
0.50000        
0.28125        
-0.06250       
0.40625        
0.68750        
-0.03125       
-0.18750       
0.43750        
0.46875        
0.25000        
0.03125        
0.37500        
0.37500        
0.18750        
-0.15625       
0.40625        
0.53125        
0.00000        
0.21875        
0.46875        
0.18750        
0.00000        
0.28125        
0.59375        
0.21875        
-0.12500       
0.40625        
0.46875        
0.00000        
0.12500        
0.34375        
0.28125        
0.09375        
0.09375        
0.40625        
0.21875        
0.12500        
0.21875        
0.28125        
0.31250        
0.00000        
0.40625        
0.50000        
0.15625        
0.00000        
0.12500        
0.40625        
0.25000        
0.15625        
0.09375        
0.34375        
0.06250        
0.28125        
0.28125        
0.34375        
0.09375        
0.15625        
0.18750        
0.03125        
0.25000        
0.34375        
0.28125        
0.03125        
0.18750        
0.59375        
0.31250        
0.09375        
0.15625        
0.31250        
0.34375        
0.09375        
0.15625        
0.37500        
0.40625        
0.18750        
0.21875        
0.34375        
0.18750        
0.06250        
0.31250        
0.28125        
0.31250        
0.03125        
0.25000        
0.31250        
0.21875        
0.03125        
0.00000        
0.43750        
0.31250        
0.03125        
0.18750        
0.34375        
0.46875        
0.12500        
0.12500        
0.28125        
0.28125        
-0.03125       
0.18750        
0.28125        
0.06250        
0.09375        
0.40625        
0.31250        
0.12500        
0.12500        
0.46875        
0.40625        
0.25000        
0.25000        
0.18750        
0.25000        
0.12500        
0.21875        
0.53125        
0.21875        
0.12500        
0.25000        
0.40625        
-0.06250       
0.12500        
0.43750        
0.15625        
0.06250        
0.15625        
0.28125        
0.28125        
0.18750        
0.31250        
0.25000        
-0.06250       
0.03125        
0.15625        
0.34375        
0.21875        
0.18750        
0.28125        
0.40625        
0.00000        
0.06250        
0.50000        
0.25000        
0.15625        
0.18750        
0.15625        
0.12500        
0.12500        
0.21875        
0.21875        
0.37500        
0.40625        
0.25000        
0.03125        
0.06250        
0.31250        
0.37500        
0.03125        
0.12500        
0.28125        
0.31250        
0.03125        
0.37500        
0.15625        
0.31250        
0.00000        
0.28125        
0.43750        
0.28125        
0.09375        
0.12500        
0.37500        
0.09375        
0.03125        
0.37500        
0.18750        
0.09375        
0.40625        
0.21875        
0.25000        
0.09375        
0.00000        
0.21875        
0.40625        
-0.03125       
0.18750        
0.18750        
0.21875        
0.00000        
0.21875        
0.25000        
0.09375        
0.18750        
0.28125        
0.03125        
0.06250        
0.31250        
0.46875        
0.09375        
0.15625        
0.15625        
0.34375        
0.09375        
0.12500        
0.31250        
0.37500        
0.18750        
0.18750        
0.21875        
0.28125        
0.00000        
0.00000        
0.37500        
0.12500        
0.25000        
0.28125        
0.40625        
0.15625        
0.18750        
0.34375        
0.21875        
0.21875        
0.00000        
0.15625        
0.18750        
0.31250        
0.00000        
0.34375        
0.28125        
0.28125        
0.00000        
0.12500        
0.25000        
0.00000        
0.40625        
0.03125        
0.09375        
0.25000        
0.18750        
0.12500        
0.15625        
0.21875        
0.12500        
0.21875        
0.21875        
0.03125        
0.12500        
0.18750        
0.09375        
0.12500        
0.34375        
0.06250        
-0.03125       
0.12500        
0.28125        
0.06250        
0.12500        
0.15625        
0.25000        
0.40625        
0.25000        
0.12500        
0.28125        
0.40625        
0.09375        
0.06250        
0.12500        
-0.03125       
0.15625        
0.56250        
0.18750        
0.03125        
0.31250        
0.31250        
0.21875        
0.18750        
0.31250        
0.43750        
0.09375        
0.00000        
0.03125        
0.53125        
0.34375        
0.25000        
0.31250        
0.34375        
0.00000        
0.28125        
0.31250        
0.03125        
-0.12500       
0.09375        
0.28125        
0.03125        
0.00000        
0.37500        
0.43750        
0.12500        
-0.21875       
0.46875        
0.43750        
-0.09375       
0.09375        
0.43750        
0.21875        
-0.06250       
0.09375        
0.46875        
0.03125        
0.12500        
0.34375        
0.53125        
-0.18750       
-0.12500       
0.43750        
0.46875        
-0.09375       
0.06250        
0.56250        
-0.03125       
-0.28125       
0.28125        
0.46875        
0.09375        
-0.06250       
0.31250        
0.25000        
-0.03125       
0.37500        
0.56250        
0.09375        
0.00000        
0.18750        
0.46875        
-0.09375       
-0.21875       
0.28125        
0.50000        
0.06250        
-0.03125       
0.15625        
0.37500        
0.15625        
-0.03125       
0.34375        
0.31250        
0.15625        
0.15625        
0.28125        
0.00000        
0.00000        
0.43750        
0.37500        
-0.03125       
-0.18750       
0.03125        
0.34375        
0.15625        
0.00000        
0.25000        
0.21875        
0.09375        
0.00000        
0.31250        
0.31250        
0.06250        
0.21875        
0.31250        
0.18750        
0.25000        
0.18750        
0.25000        
0.15625        
0.21875        
0.21875        
0.15625        
0.03125        
0.12500        
0.25000        
0.09375        
0.00000        
0.28125        
0.28125        
0.25000        
-0.03125       
0.21875        
0.21875        
0.21875        
0.31250        
0.15625        
0.09375        
0.31250        
0.28125        
0.31250        
0.18750        
0.12500        
0.12500        
0.18750        
0.12500        
0.06250        
0.25000        
0.25000        
0.28125        
0.15625        
0.18750        
0.15625        
0.34375        
0.34375        
0.15625        
0.03125        
0.12500        
0.43750        
0.25000        
-0.06250       
0.18750        
0.31250        
0.25000        
-0.06250       
0.15625        
0.28125        
0.25000        
0.12500        
0.21875        
0.18750        
0.09375        
-0.03125       
0.28125        
0.25000        
-0.06250       
-0.09375       
0.40625        
0.00000        
-0.18750       
0.12500        
0.40625        
0.06250        
0.00000        
0.31250        
0.62500        
0.34375        
-0.09375       
0.09375        
0.43750        
0.15625        
-0.15625       
0.25000        
0.46875        
0.00000        
0.09375        
0.25000        
0.18750        
0.03125        
0.00000        
0.31250        
0.25000        
-0.06250       
0.00000        
0.40625        
0.25000        
-0.25000       
-0.03125       
0.37500        
0.34375        
-0.06250       
0.21875        
0.12500        
0.15625        
0.15625        
0.31250        
0.34375        
0.12500        
0.03125        
0.31250        
0.15625        
-0.09375       
0.03125        
0.34375        
0.34375        
0.00000        
0.15625        
0.53125        
0.25000        
0.00000        
0.09375        
0.25000        
0.31250        
-0.06250       
0.18750        
0.12500        
0.15625        
0.03125        
0.28125        
0.28125        
0.12500        
0.00000        
0.06250        
0.37500        
0.06250        
0.00000        
0.25000        
0.43750        
0.15625        
0.03125        
0.40625        
0.25000        
0.00000        
-0.09375       
0.15625        
0.34375        
-0.18750       
-0.06250       
0.34375        
0.28125        
0.09375        
0.09375        
0.21875        
0.18750        
-0.03125       
0.00000        
0.31250        
0.12500        
0.06250        
0.12500        
0.31250        
0.09375        
-0.09375       
0.15625        
0.50000        
0.12500        
-0.06250       
-0.03125       
0.31250        
0.18750        
-0.21875       
0.15625        
0.28125        
0.21875        
0.15625        
0.21875        
0.25000        
-0.06250       
0.00000        
0.28125        
0.34375        
0.15625        
0.21875        
0.21875        
0.28125        
0.12500        
0.09375        
0.25000        
0.40625        
0.06250        
0.28125        
0.18750        
0.21875        
0.21875        
0.12500        
0.12500        
0.12500        
0.09375        
-0.06250       
0.15625        
0.18750        
0.09375        
0.12500        
0.00000        
0.21875        
0.28125        
0.21875        
0.15625        
0.21875        
-0.15625       
0.21875        
0.21875        
0.12500        
0.18750        
0.21875        
0.28125        
0.00000        
0.09375        
0.25000        
0.21875        
0.03125        
0.31250        
0.18750        
0.31250        
0.06250        
0.06250        
0.25000        
0.09375        
0.03125        
0.28125        
0.34375        
0.18750        
-0.06250       
0.15625        
0.28125        
0.15625        
0.00000        
0.06250        
0.15625        
0.09375        
0.03125        
0.12500        
0.21875        
0.25000        
0.03125        
0.21875        
0.25000        
0.00000        
-0.03125       
0.37500        
0.31250        
0.18750        
0.21875        
0.28125        
0.03125        
0.09375        
0.15625        
0.12500        
0.25000        
-0.15625       
0.25000        
0.34375        
0.21875        
0.12500        
0.34375        
0.34375        
0.18750        
0.21875        
0.28125        
0.15625        
0.15625        
0.18750        
0.21875        
-0.15625       
0.03125        
0.18750        
0.28125        
-0.06250       
0.18750        
0.40625        
0.28125        
0.09375        
0.03125        
0.25000        
0.09375        
0.00000        
0.31250        
0.18750        
0.00000        
0.12500        
0.37500        
0.03125        
-0.03125       
0.15625        
0.43750        
0.28125        
0.03125        
0.06250        
0.31250        
0.31250        
-0.09375       
0.31250        
0.31250        
0.15625        
0.09375        
0.34375        
0.31250        
0.03125        
0.03125        
0.37500        
0.18750        
-0.03125       
-0.12500       
0.43750        
0.12500        
-0.06250       
0.03125        
0.37500        
0.15625        
-0.03125       
0.18750        
0.34375        
0.18750        
0.18750        
0.18750        
0.31250        
0.15625        
0.00000        
0.15625        
0.46875        
0.03125        
0.03125        
0.18750        
0.28125        
-0.06250       
0.15625        
0.25000        
0.06250        
0.15625        
0.06250        
0.31250        
0.12500        
-0.09375       
0.21875        
0.31250        
0.03125        
0.09375        
0.03125        
0.15625        
0.06250        
0.28125        
0.15625        
0.06250        
-0.03125       
0.34375        
0.09375        
0.00000        
0.06250        
0.21875        
0.18750        
-0.06250       
0.12500        
0.18750        
0.21875        
0.18750        
0.15625        
0.18750        
0.00000        
0.03125        
0.21875        
0.12500        
0.03125        
0.12500        
0.09375        
0.03125        
0.18750        
0.06250        
0.18750        
0.12500        
0.03125        
0.15625        
0.15625        
0.12500        
0.25000        
0.12500        
0.31250        
0.00000        
-0.06250       
0.09375        
0.03125        
0.18750        
0.15625        
0.31250        
0.18750        
0.03125        
0.21875        
0.21875        
0.12500        
0.03125        
0.09375        
0.00000        
0.03125        
0.25000        
0.21875        
-0.03125       
0.12500        
0.31250        
0.03125        
-0.03125       
0.21875        
0.12500        
0.21875        
0.00000        
0.12500        
0.25000        
0.00000        
0.06250        
0.09375        
0.18750        
0.09375        
0.06250        
0.18750        
0.00000        
0.03125        
0.21875        
0.31250        
0.21875        
0.18750        
0.03125        
0.18750        
0.28125        
-0.03125       
0.28125        
0.18750        
-0.03125       
0.15625        
0.34375        
0.03125        
0.12500        
0.18750        
0.06250        
0.09375        
0.12500        
0.00000        
0.18750        
0.18750        
0.03125        
0.18750        
0.31250        
0.15625        
0.06250        
0.12500        
0.03125        
0.15625        
0.15625        
0.15625        
-0.03125       
0.15625        
0.15625        
0.00000        
0.15625        
0.12500        
0.15625        
0.25000        
0.12500        
0.15625        
0.18750        
0.28125        
0.06250        
0.25000        
0.21875        
-0.03125       
0.12500        
0.31250        
0.25000        
0.00000        
0.28125        
-0.09375       
0.15625        
-0.09375       
-0.06250       
0.43750        
0.18750        
0.12500        
0.15625        
0.06250        
0.25000        
0.06250        
0.18750        
0.12500        
0.06250        
0.06250        
0.12500        
0.18750        
0.06250        
0.09375        
0.31250        
0.09375        
-0.18750       
0.00000        
0.31250        
0.21875        
-0.12500       
0.28125        
0.31250        
0.09375        
-0.06250       
0.00000        
0.18750        
0.09375        
0.12500        
0.12500        
0.00000        
0.00000        
-0.12500       
0.18750        
0.06250        
0.09375        
0.40625        
0.03125        
-0.03125       
0.09375        
0.03125        
0.37500        
0.28125        
0.00000        
0.15625        
-0.03125       
0.03125        
0.25000        
0.09375        
0.12500        
0.18750        
0.21875        
-0.18750       
-0.03125       
0.25000        
0.00000        
0.12500        
0.09375        
0.09375        
0.09375        
0.06250        
0.00000        
0.12500        
0.21875        
0.09375        
0.12500        
0.03125        
0.03125        
0.21875        
0.25000        
0.06250        
-0.03125       
0.21875        
0.06250        
0.00000        
0.00000        
0.31250        
0.21875        
0.12500        
0.18750        
0.12500        
0.34375        
0.12500        
0.06250        
0.00000        
0.00000        
0.09375        
0.09375        
0.15625        
0.12500        
0.03125        
0.31250        
0.06250        
-0.03125       
0.00000        
0.18750        
0.09375        
0.09375        
-0.03125       
0.21875        
0.28125        
0.18750        
0.06250        
0.09375        
0.12500        
0.06250        
0.12500        
0.12500        
-0.03125       
0.18750        
0.09375        
0.03125        
0.15625        
0.25000        
0.06250        
-0.06250       
0.09375        
0.15625        
0.15625        
0.12500        
-0.06250       
0.03125        
0.09375        
0.25000        
0.18750        
0.00000        
0.03125        
0.21875        
0.21875        
0.09375        
0.18750        
0.12500        
0.06250        
0.06250        
-0.12500       
0.21875        
0.12500        
0.21875        
0.12500        
-0.03125       
0.00000        
0.31250        
0.06250        
0.18750        
0.09375        
-0.12500       
0.00000        
0.03125        
0.12500        
0.09375        
0.25000        
0.09375        
0.06250        
0.15625        
0.25000        
0.15625        
0.09375        
-0.06250       
0.09375        
0.28125        
0.03125        
0.00000        
0.06250        
0.25000        
0.06250        
0.03125        
0.21875        
0.09375        
0.18750        
0.34375        
0.00000        
0.00000        
0.06250        
0.06250        
0.21875        
-0.15625       
-0.03125       
0.28125        
0.06250        
0.03125        
0.00000        
0.00000        
0.28125        
0.00000        
0.12500        
0.09375        
0.21875        
0.21875        
-0.06250       
-0.06250       
0.06250        
-0.06250       
0.28125        
0.15625        
0.15625        
0.00000        
0.03125        
0.06250        
0.09375        
-0.03125       
0.03125        
0.09375        
0.15625        
0.12500        
0.12500        
0.21875        
0.31250        
0.12500        
0.03125        
0.15625        
0.15625        
0.06250        
-0.12500       
0.03125        
-0.03125       
0.06250        
0.00000        
-0.09375       
-0.18750       
0.15625        
0.06250        
0.15625        
0.00000        
0.09375        
0.28125        
0.21875        
0.00000        
-0.03125       
0.31250        
0.18750        
-0.06250       
0.06250        
0.15625        
0.15625        
0.15625        
-0.09375       
-0.06250       
0.25000        
0.28125        
0.12500        
-0.06250       
0.18750        
0.21875        
0.18750        
0.03125        
0.03125        
-0.06250       
0.28125        
-0.06250       
-0.12500       
0.21875        
-0.03125       
0.06250        
-0.06250       
0.18750        
0.15625        
-0.03125       
-0.06250       
0.09375        
0.18750        
0.12500        
-0.03125       
0.25000        
0.15625        
0.00000        
0.09375        
0.18750        
0.12500        
0.15625        
-0.03125       
-0.03125       
0.09375        
0.06250        
0.00000        
0.15625        
0.25000        
0.00000        
-0.15625       
0.28125        
0.18750        
0.15625        
0.28125        
-0.03125       
0.06250        
0.09375        
-0.12500       
0.09375        
0.21875        
0.12500        
-0.09375       
0.00000        
0.03125        
-0.12500       
0.15625        
0.06250        
0.00000        
0.03125        
0.09375        
0.18750        
0.25000        
0.06250        
0.03125        
0.37500        
0.06250        
-0.03125       
0.12500        
0.09375        
-0.06250       
0.06250        
0.25000        
-0.03125       
-0.21875       
0.18750        
0.31250        
0.21875        
0.09375        
0.09375        
0.28125        
0.06250        
0.00000        
0.25000        
0.09375        
-0.12500       
0.46875        
0.03125        
-0.15625       
0.03125        
0.37500        
0.06250        
0.00000        
0.06250        
0.43750        
0.12500        
0.06250        
0.06250        
0.31250        
0.15625        
0.09375        
0.12500        
0.06250        
0.03125        
-0.12500       
0.12500        
0.18750        
-0.09375       
-0.03125       
0.31250        
0.09375        
-0.09375       
0.18750        
0.25000        
-0.09375       
-0.03125       
0.09375        
0.28125        
0.15625        
-0.06250       
0.25000        
0.34375        
-0.06250       
-0.03125       
0.18750        
-0.06250       
-0.03125       
0.06250        
0.06250        
0.09375        
0.09375        
0.15625        
0.09375        
-0.06250       
0.03125        
0.34375        
0.21875        
-0.06250       
0.18750        
0.31250        
0.00000        
-0.03125       
0.03125        
0.25000        
0.21875        
-0.09375       
0.03125        
0.15625        
0.00000        
0.12500        
0.12500        
0.12500        
-0.03125       
0.34375        
0.21875        
-0.28125       
0.09375        
0.18750        
0.21875        
-0.12500       
0.12500        
0.37500        
0.03125        
-0.21875       
0.18750        
0.25000        
-0.03125       
-0.03125       
0.09375        
0.28125        
0.03125        
0.12500        
0.34375        
0.15625        
-0.15625       
0.21875        
0.18750        
-0.21875       
0.09375        
0.28125        
0.18750        
-0.12500       
-0.06250       
0.18750        
0.15625        
-0.06250       
-0.03125       
0.34375        
0.03125        
-0.21875       
0.34375        
-0.03125       
0.15625        
0.18750        
0.03125        
0.15625        
0.00000        
0.03125        
0.15625        
-0.03125       
0.00000        
-0.12500       
0.03125        
-0.25000       
-0.03125       
0.12500        
0.03125        
0.34375        
0.09375        
0.15625        
-0.06250       
0.12500        
0.12500        
0.21875        
0.03125        
0.28125        
0.06250        
0.06250        
-0.15625       
0.12500        
0.25000        
0.00000        
-0.03125       
0.15625        
0.06250        
0.00000        
0.06250        
0.37500        
-0.03125       
-0.06250       
0.06250        
0.12500        
-0.12500       
-0.06250       
0.37500        
0.25000        
-0.09375       
0.25000        
0.06250        
0.15625        
-0.12500       
-0.15625       
0.43750        
0.12500        
-0.12500       
0.21875        
0.25000        
0.06250        
0.09375        
0.00000        
0.34375        
-0.09375       
-0.18750       
0.28125        
0.12500        
-0.09375       
0.00000        
0.34375        
0.00000        
-0.15625       
-0.06250       
0.34375        
-0.03125       
-0.06250       
0.09375        
0.34375        
0.12500        
-0.21875       
0.56250        
0.09375        
-0.12500       
0.03125        
0.00000        
-0.03125       
-0.03125       
0.03125        
0.37500        
-0.18750       
0.03125        
0.21875        
0.03125        
0.12500        
0.12500        
0.12500        
0.09375        
0.09375        
0.40625        
0.00000        
-0.15625       
0.15625        
0.06250        
-0.21875       
0.06250        
0.12500        
-0.03125       
-0.28125       
-0.03125       
0.53125        
0.18750        
-0.21875       
0.25000        
0.12500        
0.09375        
-0.15625       
0.03125        
0.31250        
-0.18750       
-0.06250       
0.06250        
0.03125        
0.09375        
0.00000        
0.03125        
-0.06250       
-0.06250       
0.18750        
0.09375        
0.06250        
0.18750        
0.31250        
-0.09375       
-0.06250       
0.21875        
0.12500        
-0.09375       
-0.12500       
0.31250        
0.03125        
-0.09375       
0.15625        
0.25000        
0.09375        
-0.21875       
0.12500        
0.31250        
-0.06250       
-0.03125       
0.18750        
0.18750        
0.06250        
-0.12500       
0.37500        
0.21875        
-0.06250       
0.00000        
0.21875        
0.15625        
-0.21875       
-0.25000       
0.31250        
0.09375        
-0.18750       
0.06250        
0.31250        
0.12500        
-0.06250       
-0.06250       
0.31250        
0.21875        
-0.06250       
0.12500        
0.31250        
0.03125        
-0.12500       
0.00000        
0.34375        
-0.12500       
-0.06250       
0.12500        
0.18750        
0.06250        
-0.09375       
0.43750        
0.25000        
-0.12500       
0.03125        
0.31250        
0.18750        
-0.09375       
0.00000        
0.50000        
0.03125        
-0.15625       
0.12500        
0.18750        
-0.18750       
-0.18750       
0.09375        
0.12500        
-0.06250       
-0.03125       
0.25000        
0.12500        
-0.06250       
0.18750        
0.18750        
0.03125        
0.03125        
0.15625        
0.25000        
-0.09375       
0.06250        
-0.03125       
-0.03125       
0.03125        
0.06250        
0.18750        
0.03125        
0.00000        
0.12500        
-0.09375       
0.31250        
0.21875        
0.06250        
-0.15625       
0.00000        
0.25000        
-0.06250       
-0.09375       
0.28125        
0.40625        
-0.12500       
-0.12500       
0.34375        
0.00000        
-0.28125       
0.09375        
0.37500        
0.00000        
-0.34375       
0.09375        
0.56250        
-0.28125       
-0.12500       
0.28125        
0.50000        
-0.15625       
-0.28125       
0.28125        
0.06250        
-0.28125       
0.15625        
0.21875        
0.03125        
-0.37500       
0.06250        
0.37500        
-0.03125       
-0.12500       
0.34375        
0.56250        
0.06250        
-0.43750       
0.18750        
0.21875        
-0.28125       
0.03125        
0.21875        
0.03125        
-0.34375       
-0.06250       
0.43750        
0.18750        
-0.25000       
0.12500        
0.31250        
0.06250        
-0.09375       
0.21875        
0.25000        
-0.15625       
-0.25000       
0.28125        
0.25000        
-0.25000       
-0.03125       
0.21875        
0.06250        
-0.25000       
0.12500        
0.37500        
0.09375        
-0.21875       
0.15625        
0.12500        
-0.03125       
0.06250        
0.12500        
0.15625        
0.06250        
-0.09375       
0.15625        
0.03125        
-0.06250       
-0.12500       
0.15625        
-0.03125       
0.03125        
0.03125        
0.12500        
0.18750        
0.06250        
0.18750        
0.18750        
-0.12500       
0.06250        
0.06250        
0.03125        
0.09375        
0.00000        
0.18750        
-0.06250       
-0.03125       
0.00000        
0.15625        
0.06250        
0.21875        
0.15625        
0.09375        
0.06250        
0.09375        
0.09375        
0.03125        
0.06250        
-0.09375       
0.28125        
0.00000        
0.03125        
0.28125        
0.25000        
-0.06250       
-0.21875       
0.12500        
0.15625        
0.00000        
0.00000        
0.21875        
0.03125        
-0.21875       
0.03125        
0.31250        
0.21875        
0.09375        
-0.03125       
0.12500        
0.09375        
0.12500        
0.21875        
0.03125        
-0.12500       
-0.09375       
0.12500        
0.09375        
-0.06250       
0.00000        
0.18750        
-0.03125       
-0.03125       
0.25000        
0.21875        
0.03125        
-0.03125       
0.21875        
0.06250        
-0.18750       
0.00000        
0.12500        
0.03125        
-0.03125       
0.09375        
0.18750        
-0.12500       
0.03125        
0.12500        
0.09375        
0.03125        
0.03125        
0.18750        
-0.15625       
-0.06250       
0.12500        
0.34375        
-0.03125       
-0.12500       
0.28125        
0.21875        
-0.21875       
0.09375        
0.21875        
0.00000        
-0.31250       
0.09375        
0.37500        
0.03125        
0.03125        
0.25000        
0.25000        
-0.03125       
-0.15625       
0.25000        
0.09375        
-0.09375       
0.12500        
0.09375        
-0.15625       
-0.15625       
0.25000        
0.18750        
-0.09375       
-0.25000       
0.46875        
0.09375        
-0.15625       
-0.03125       
0.34375        
0.06250        
-0.21875       
0.15625        
0.31250        
-0.03125       
-0.18750       
-0.03125       
0.21875        
-0.37500       
-0.15625       
0.37500        
0.00000        
-0.21875       
0.03125        
0.53125        
0.03125        
-0.40625       
0.18750        
0.43750        
-0.12500       
-0.25000       
0.46875        
0.37500        
-0.21875       
-0.31250       
0.34375        
0.31250        
-0.31250       
-0.25000       
0.37500        
0.00000        
-0.31250       
0.15625        
0.53125        
0.09375        
-0.40625       
0.21875        
0.46875        
-0.25000       
-0.18750       
0.28125        
0.31250        
-0.21875       
-0.25000       
0.46875        
0.25000        
-0.34375       
-0.03125       
0.28125        
0.15625        
-0.43750       
0.12500        
0.53125        
-0.03125       
-0.21875       
0.25000        
0.43750        
-0.03125       
-0.18750       
0.31250        
0.18750        
-0.15625       
-0.12500       
0.15625        
0.25000        
-0.28125       
-0.21875       
0.37500        
0.21875        
-0.25000       
0.09375        
0.53125        
0.12500        
-0.37500       
0.15625        
0.43750        
0.09375        
-0.21875       
0.34375        
0.18750        
-0.03125       
0.03125        
0.09375        
0.09375        
-0.03125       
0.00000        
0.28125        
0.25000        
0.03125        
0.06250        
0.09375        
0.28125        
0.09375        
-0.03125       
0.12500        
-0.03125       
0.12500        
-0.09375       
0.03125        
0.21875        
0.15625        
-0.09375       
0.00000        
0.09375        
-0.15625       
-0.03125       
0.06250        
0.31250        
-0.09375       
-0.21875       
0.18750        
0.25000        
-0.03125       
0.06250        
0.25000        
0.06250        
-0.21875       
-0.12500       
0.25000        
0.03125        
-0.25000       
-0.21875       
0.37500        
-0.12500       
-0.06250       
0.31250        
0.00000        
-0.06250       
-0.09375       
0.06250        
0.37500        
0.12500        
0.00000        
0.09375        
0.15625        
0.00000        
-0.12500       
0.21875        
0.09375        
-0.12500       
0.18750        
0.15625        
0.06250        
-0.06250       
0.18750        
0.18750        
0.09375        
-0.18750       
0.28125        
0.06250        
-0.09375       
0.09375        
0.15625        
-0.06250       
-0.12500       
0.00000        
0.03125        
-0.03125       
-0.28125       
0.03125        
-0.06250       
0.06250        
-0.09375       
0.31250        
0.09375        
-0.09375       
0.34375        
0.25000        
-0.03125       
-0.06250       
0.21875        
0.06250        
-0.12500       
-0.28125       
0.09375        
0.06250        
-0.06250       
0.09375        
0.28125        
0.09375        
-0.06250       
0.09375        
0.46875        
-0.03125       
-0.09375       
0.15625        
0.31250        
-0.15625       
-0.09375       
0.12500        
0.18750        
-0.09375       
-0.12500       
0.12500        
-0.03125       
-0.15625       
0.12500        
0.09375        
0.06250        
-0.06250       
0.12500        
0.40625        
0.00000        
0.03125        
0.09375        
-0.03125       
0.21875        
0.06250        
-0.09375       
0.12500        
0.18750        
0.06250        
-0.06250       
0.03125        
0.15625        
-0.12500       
-0.06250       
0.15625        
0.00000        
0.09375        
0.00000        
0.25000        
0.28125        
-0.12500       
0.00000        
0.37500        
0.15625        
-0.15625       
0.03125        
0.15625        
-0.06250       
-0.15625       
0.28125        
0.12500        
0.00000        
-0.03125       
0.34375        
0.15625        
-0.15625       
-0.03125       
0.34375        
0.00000        
-0.31250       
0.06250        
0.46875        
0.03125        
-0.18750       
0.09375        
0.28125        
0.12500        
-0.06250       
0.25000        
0.21875        
-0.21875       
-0.21875       
0.18750        
0.40625        
-0.03125       
-0.06250       
0.06250        
0.06250        
-0.06250       
-0.15625       
0.12500        
0.15625        
-0.15625       
0.09375        
0.18750        
-0.09375       
0.00000        
0.03125        
0.37500        
-0.09375       
-0.18750       
0.21875        
0.09375        
0.06250        
0.03125        
0.06250        
0.15625        
0.00000        
0.12500        
0.06250        
-0.06250       
-0.06250       
-0.18750       
0.09375        
0.06250        
-0.15625       
0.15625        
0.18750        
0.06250        
-0.03125       
-0.06250       
0.18750        
0.09375        
0.03125        
0.15625        
0.06250        
0.12500        
-0.09375       
0.15625        
0.18750        
0.06250        
0.03125        
0.00000        
0.12500        
0.03125        
0.00000        
0.21875        
0.15625        
-0.06250       
0.06250        
0.09375        
0.21875        
0.00000        
0.09375        
0.12500        
0.00000        
-0.06250       
-0.12500       
0.25000        
0.00000        
-0.21875       
0.12500        
0.15625        
0.18750        
0.06250        
0.34375        
0.15625        
-0.09375       
-0.15625       
0.25000        
0.00000        
0.09375        
-0.03125       
0.15625        
-0.06250       
-0.15625       
0.09375        
0.09375        
-0.03125       
-0.03125       
0.09375        
0.25000        
-0.09375       
0.00000        
0.15625        
0.12500        
0.00000        
-0.06250       
0.06250        
0.18750        
-0.09375       
0.12500        
0.21875        
0.12500        
0.00000        
0.09375        
0.18750        
-0.06250       
-0.18750       
-0.06250       
0.00000        
0.09375        
0.00000        
0.09375        
0.09375        
0.06250        
0.12500        
0.21875        
0.09375        
-0.06250       
0.12500        
0.18750        
0.09375        
-0.03125       
0.09375        
0.03125        
-0.06250       
0.15625        
0.03125        
0.00000        
-0.06250       
0.06250        
0.06250        
0.12500        
0.00000        
0.09375        
0.15625        
0.03125        
0.12500        
-0.12500       
0.15625        
0.25000        
0.00000        
0.06250        
0.00000        
0.03125        
0.09375        
0.00000        
0.21875        
0.09375        
-0.06250       
-0.03125       
0.09375        
0.28125        
0.12500        
-0.09375       
0.15625        
0.12500        
-0.06250       
0.03125        
0.18750        
0.03125        
-0.06250       
-0.03125       
0.21875        
-0.09375       
-0.15625       
0.37500        
0.15625        
-0.06250       
-0.06250       
0.31250        
0.06250        
-0.15625       
-0.12500       
0.21875        
0.00000        
-0.12500       
0.15625        
0.12500        
-0.03125       
-0.09375       
0.12500        
0.12500        
0.00000        
-0.18750       
0.25000        
0.15625        
-0.15625       
-0.06250       
0.12500        
0.09375        
-0.06250       
0.18750        
0.12500        
-0.03125       
-0.03125       
0.15625        
0.15625        
-0.12500       
0.06250        
0.18750        
0.21875        
0.00000        
0.06250        
0.12500        
0.03125        
-0.06250       
-0.09375       
0.31250        
0.00000        
0.00000        
0.03125        
0.21875        
0.03125        
-0.18750       
0.03125        
0.12500        
-0.06250       
-0.06250       
0.18750        
0.06250        
-0.06250       
-0.03125       
0.25000        
-0.06250       
0.09375        
0.15625        
0.31250        
0.12500        
-0.12500       
0.03125        
0.31250        
-0.09375       
-0.12500       
0.15625        
-0.03125       
-0.12500       
0.00000        
0.37500        
0.06250        
0.09375        
-0.03125       
0.09375        
0.03125        
-0.15625       
-0.06250       
0.37500        
0.09375        
-0.28125       
0.06250        
0.03125        
-0.06250       
-0.06250       
-0.03125       
-0.06250       
0.00000        
-0.03125       
0.28125        
0.09375        
-0.21875       
0.00000        
0.03125        
-0.06250       
0.03125        
-0.09375       
0.03125        
0.03125        
-0.06250       
0.03125        
-0.06250       
0.09375        
-0.03125       
0.06250        
0.18750        
-0.03125       
0.12500        
0.09375        
0.15625        
0.09375        
0.00000        
0.09375        
0.25000        
0.03125        
0.09375        
-0.09375       
0.03125        
0.18750        
-0.12500       
0.03125        
-0.15625       
0.06250        
0.00000        
0.03125        
0.15625        
-0.03125       
0.12500        
-0.03125       
0.00000        
0.12500        
-0.03125       
0.06250        
0.00000        
0.03125        
-0.09375       
0.03125        
0.18750        
0.00000        
0.03125        
0.06250        
0.09375        
-0.12500       
0.00000        
0.09375        
0.15625        
-0.15625       
0.18750        
0.12500        
0.12500        
0.03125        
-0.12500       
0.21875        
0.00000        
-0.12500       
0.03125        
0.12500        
0.09375        
-0.15625       
-0.09375       
0.18750        
-0.28125       
-0.15625       
0.06250        
0.15625        
0.09375        
-0.06250       
0.21875        
0.09375        
0.06250        
0.06250        
0.06250        
0.25000        
-0.03125       
-0.15625       
0.21875        
-0.06250       
-0.21875       
0.21875        
0.06250        
0.00000        
-0.21875       
0.18750        
0.37500        
0.06250        
0.06250        
0.12500        
0.15625        
-0.03125       
0.03125        
0.34375        
0.25000        
-0.18750       
-0.03125       
0.15625        
-0.03125       
-0.31250       
0.21875        
0.37500        
-0.28125       
-0.25000       
0.09375        
0.25000        
0.06250        
0.06250        
0.25000        
0.15625        
-0.18750       
-0.09375       
0.37500        
0.28125        
-0.43750       
-0.09375       
0.21875        
-0.03125       
-0.28125       
0.06250        
0.34375        
0.03125        
-0.09375       
0.31250        
0.28125        
-0.03125       
-0.15625       
0.43750        
0.15625        
-0.25000       
0.00000        
0.18750        
0.00000        
-0.12500       
-0.15625       
0.28125        
0.06250        
-0.12500       
-0.09375       
0.28125        
-0.12500       
-0.03125       
0.12500        
0.09375        
-0.15625       
-0.34375       
0.06250        
0.18750        
0.09375        
-0.09375       
0.15625        
0.18750        
-0.15625       
-0.03125       
0.03125        
0.31250        
-0.12500       
0.03125        
-0.03125       
-0.18750       
0.00000        
0.06250        
0.25000        
0.15625        
-0.12500       
0.00000        
0.12500        
0.00000        
-0.03125       
-0.15625       
0.03125        
0.09375        
-0.15625       
0.09375        
0.06250        
0.09375        
-0.03125       
-0.03125       
0.15625        
-0.06250       
0.06250        
0.15625        
0.34375        
0.15625        
-0.15625       
-0.09375       
0.12500        
0.09375        
-0.06250       
0.03125        
0.09375        
0.00000        
-0.09375       
-0.15625       
-0.06250       
0.09375        
0.12500        
0.15625        
0.09375        
-0.12500       
-0.06250       
-0.03125       
0.03125        
0.28125        
0.06250        
0.06250        
0.03125        
-0.03125       
0.09375        
-0.06250       
0.00000        
0.03125        
-0.03125       
-0.15625       
0.09375        
0.03125        
0.09375        
0.03125        
0.03125        
0.15625        
-0.15625       
0.09375        
0.06250        
-0.18750       
-0.12500       
0.00000        
0.00000        
-0.12500       
-0.03125       
-0.03125       
0.15625        
0.15625        
0.15625        
0.00000        
-0.28125       
-0.06250       
0.03125        
0.06250        
-0.09375       
-0.03125       
-0.03125       
0.00000        
-0.06250       
-0.09375       
0.06250        
0.09375        
-0.21875       
-0.03125       
-0.06250       
-0.18750       
-0.06250       
0.18750        
0.06250        
0.03125        
-0.21875       
0.06250        
0.09375        
0.12500        
0.09375        
0.03125        
0.12500        
-0.15625       
-0.06250       
-0.09375       
0.09375        
0.09375        
-0.03125       
0.06250        
0.06250        
-0.21875       
0.15625        
0.12500        
0.09375        
-0.09375       
0.09375        
-0.06250       
-0.06250       
-0.09375       
0.12500        
0.12500        
-0.03125       
-0.06250       
0.09375        
-0.06250       
-0.12500       
-0.09375       
0.06250        
0.31250        
-0.09375       
-0.25000       
0.15625        
0.15625        
0.00000        
0.09375        
-0.03125       
0.12500        
-0.18750       
0.12500        
-0.06250       
0.21875        
0.03125        
0.03125        
0.12500        
0.03125        
-0.09375       
0.09375        
0.03125        
0.21875        
0.00000        
-0.12500       
0.28125        
-0.03125       
0.06250        
0.18750        
-0.06250       
-0.03125       
-0.03125       
0.15625        
0.00000        
-0.21875       
0.06250        
0.12500        
-0.21875       
-0.06250       
0.12500        
0.09375        
-0.06250       
-0.03125       
0.34375        
-0.06250       
-0.15625       
0.06250        
0.15625        
0.21875        
-0.15625       
0.06250        
0.25000        
-0.09375       
-0.21875       
0.06250        
0.15625        
-0.06250       
-0.09375       
0.06250        
0.09375        
-0.15625       
0.03125        
0.25000        
0.00000        
-0.09375       
0.15625        
0.18750        
0.00000        
0.03125        
0.21875        
0.06250        
-0.53125       
0.06250        
0.37500        
-0.06250       
-0.18750       
0.28125        
0.34375        
0.00000        
-0.06250       
0.09375        
0.31250        
-0.15625       
-0.15625       
0.12500        
0.15625        
-0.40625       
-0.21875       
0.25000        
0.03125        
-0.06250       
-0.06250       
0.25000        
0.00000        
-0.18750       
0.12500        
0.18750        
0.15625        
0.03125        
0.09375        
0.03125        
0.03125        
0.12500        
0.12500        
-0.06250       
-0.03125       
0.03125        
0.00000        
-0.18750       
0.03125        
0.15625        
-0.03125       
0.09375        
0.00000        
0.18750        
-0.12500       
-0.15625       
0.09375        
0.09375        
-0.06250       
0.09375        
0.09375        
0.12500        
-0.09375       
-0.06250       
0.06250        
0.12500        
0.06250        
-0.15625       
-0.21875       
0.12500        
-0.03125       
0.21875        
0.15625        
-0.09375       
0.31250        
0.00000        
0.00000        
0.12500        
0.18750        
0.03125        
-0.31250       
0.09375        
0.25000        
-0.25000       
0.06250        
0.12500        
0.18750        
0.09375        
-0.46875       
0.21875        
0.12500        
-0.25000       
0.03125        
0.06250        
0.21875        
-0.06250       
-0.18750       
0.28125        
0.03125        
0.03125        
0.03125        
0.06250        
-0.03125       
-0.18750       
0.15625        
0.09375        
-0.25000       
0.03125        
0.12500        
0.06250        
-0.03125       
0.03125        
0.28125        
0.09375        
-0.06250       
0.12500        
0.06250        
-0.12500       
-0.09375       
0.12500        
0.15625        
-0.03125       
-0.12500       
0.09375        
0.21875        
-0.15625       
0.06250        
0.21875        
0.00000        
0.06250        
0.00000        
0.06250        
-0.12500       
0.03125        
0.21875        
0.00000        
0.03125        
-0.12500       
0.00000        
-0.06250       
-0.09375       
0.09375        
0.03125        
-0.18750       
-0.15625       
-0.03125       
0.21875        
0.18750        
-0.12500       
0.00000        
0.15625        
0.15625        
0.06250        
-0.09375       
0.25000        
0.28125        
-0.03125       
0.12500        
0.21875        
0.06250        
-0.15625       
0.00000        
0.15625        
-0.12500       
-0.06250       
0.18750        
0.18750        
-0.15625       
-0.12500       
0.12500        
0.06250        
-0.12500       
0.18750        
0.12500        
-0.03125       
-0.09375       
0.25000        
-0.03125       
-0.12500       
-0.12500       
0.09375        
0.21875        
-0.31250       
-0.03125       
0.31250        
-0.21875       
-0.15625       
0.31250        
0.31250        
-0.09375       
0.00000        
0.31250        
0.09375        
-0.28125       
0.06250        
0.28125        
0.34375        
-0.21875       
0.12500        
0.31250        
-0.15625       
-0.12500       
0.12500        
0.15625        
-0.12500       
-0.03125       
0.37500        
-0.03125       
-0.21875       
0.15625        
0.28125        
0.06250        
-0.34375       
0.31250        
0.00000        
-0.06250       
-0.15625       
0.12500        
0.00000        
0.00000        
0.09375        
0.25000        
-0.09375       
-0.12500       
0.21875        
0.25000        
0.00000        
-0.06250       
0.25000        
0.00000        
-0.21875       
0.03125        
0.15625        
0.06250        
-0.25000       
0.12500        
0.09375        
-0.06250       
0.06250        
0.09375        
0.12500        
0.03125        
0.00000        
0.15625        
-0.18750       
-0.03125       
0.21875        
0.21875        
-0.28125       
-0.12500       
0.09375        
0.15625        
-0.18750       
-0.03125       
0.25000        
-0.15625       
0.03125        
0.18750        
0.06250        
0.00000        
-0.15625       
0.15625        
0.12500        
-0.40625       
0.12500        
0.12500        
0.09375        
-0.25000       
0.21875        
0.40625        
-0.21875       
-0.18750       
0.03125        
0.15625        
-0.18750       
-0.03125       
0.18750        
0.15625        
-0.21875       
0.00000        
0.28125        
-0.03125       
-0.09375       
0.03125        
0.18750        
-0.18750       
-0.21875       
0.09375        
0.06250        
-0.06250       
-0.03125       
0.18750        
0.06250        
-0.31250       
-0.18750       
0.21875        
0.15625        
-0.12500       
-0.18750       
0.34375        
0.12500        
-0.12500       
0.15625        
0.43750        
0.03125        
-0.25000       
0.09375        
0.12500        
-0.18750       
-0.37500       
0.06250        
0.15625        
-0.15625       
-0.25000       
0.15625        
0.21875        
0.00000        
-0.09375       
0.21875        
0.12500        
-0.21875       
0.25000        
0.25000        
-0.31250       
-0.12500       
0.12500        
0.09375        
-0.15625       
-0.12500       
0.03125        
0.03125        
0.09375        
0.09375        
0.21875        
0.21875        
0.00000        
0.00000        
0.09375        
0.06250        
0.06250        
0.12500        
-0.06250       
0.18750        
0.21875        
-0.03125       
0.12500        
0.15625        
0.00000        
-0.18750       
0.09375        
0.25000        
0.21875        
-0.03125       
0.15625        
0.15625        
-0.03125       
-0.15625       
0.31250        
0.25000        
-0.15625       
-0.09375       
0.28125        
-0.09375       
-0.31250       
0.09375        
0.37500        
-0.12500       
-0.25000       
0.12500        
0.03125        
-0.03125       
-0.03125       
0.18750        
0.09375        
-0.12500       
-0.06250       
0.15625        
-0.03125       
-0.06250       
0.09375        
0.09375        
-0.03125       
-0.03125       
0.09375        
0.15625        
0.00000        
0.09375        
0.25000        
0.03125        
-0.18750       
-0.21875       
0.25000        
0.12500        
-0.15625       
0.03125        
0.18750        
-0.03125       
-0.15625       
0.00000        
0.09375        
-0.09375       
-0.12500       
0.18750        
0.15625        
0.06250        
0.09375        
0.15625        
0.03125        
-0.15625       
0.06250        
0.06250        
-0.06250       
-0.12500       
0.15625        
0.25000        
-0.03125       
0.03125        
0.09375        
-0.06250       
-0.12500       
-0.25000       
0.37500        
0.06250        
-0.25000       
0.00000        
0.31250        
-0.03125       
-0.03125       
0.21875        
0.06250        
-0.06250       
-0.09375       
0.00000        
0.03125        
0.06250        
0.15625        
0.03125        
-0.06250       
-0.09375       
0.12500        
-0.12500       
-0.18750       
0.03125        
0.12500        
0.09375        
-0.03125       
0.21875        
0.09375        
-0.09375       
-0.06250       
-0.12500       
0.12500        
-0.06250       
0.06250        
0.00000        
0.03125        
-0.12500       
0.03125        
0.03125        
0.18750        
0.06250        
0.09375        
0.00000        
0.00000        
0.15625        
0.03125        
-0.12500       
0.12500        
0.00000        
0.03125        
0.00000        
0.06250        
0.06250        
-0.12500       
-0.06250       
0.12500        
-0.09375       
-0.21875       
0.06250        
0.21875        
0.06250        
-0.21875       
0.12500        
0.15625        
-0.15625       
0.03125        
0.21875        
0.28125        
-0.21875       
0.00000        
0.03125        
0.00000        
-0.15625       
-0.15625       
0.12500        
-0.15625       
0.06250        
0.06250        
0.25000        
-0.03125       
0.09375        
0.43750        
0.09375        
-0.18750       
-0.12500       
0.18750        
-0.06250       
-0.03125       
-0.03125       
0.25000        
0.00000        
-0.21875       
0.03125        
0.09375        
-0.09375       
0.00000        
0.18750        
-0.12500       
-0.18750       
0.06250        
0.00000        
0.03125        
0.03125        
0.00000        
-0.03125       
-0.09375       
-0.03125       
0.00000        
-0.06250       
0.06250        
-0.06250       
-0.03125       
-0.09375       
0.09375        
-0.06250       
0.18750        
-0.12500       
0.06250        
-0.06250       
0.00000        
0.12500        
0.00000        
0.03125        
0.03125        
-0.21875       
0.00000        
0.03125        
-0.25000       
0.00000        
0.00000        
-0.06250       
-0.06250       
0.09375        
0.09375        
0.03125        
0.00000        
0.06250        
-0.09375       
-0.06250       
0.00000        
0.09375        
0.12500        
-0.03125       
0.00000        
0.03125        
0.00000        
0.03125        
0.00000        
-0.15625       
-0.09375       
-0.09375       
0.00000        
-0.12500       
-0.03125       
0.00000        
0.37500        
0.06250        
-0.03125       
0.09375        
-0.09375       
-0.06250       
0.03125        
0.18750        
-0.15625       
-0.03125       
0.06250        
-0.06250       
0.03125        
-0.06250       
0.06250        
0.03125        
0.09375        
0.18750        
0.09375        
0.00000        
0.00000        
0.06250        
0.00000        
0.03125        
-0.12500       
0.18750        
0.09375        
-0.12500       
-0.21875       
0.09375        
0.12500        
0.18750        
-0.06250       
0.00000        
0.06250        
0.00000        
0.06250        
0.06250        
0.15625        
-0.03125       
0.03125        
0.15625        
0.09375        
-0.28125       
0.00000        
0.15625        
0.00000        
-0.09375       
-0.15625       
0.25000        
0.12500        
-0.09375       
-0.03125       
0.21875        
0.00000        
-0.18750       
0.09375        
0.18750        
-0.12500       
-0.18750       
0.25000        
0.21875        
-0.12500       
-0.31250       
0.21875        
0.03125        
-0.40625       
-0.06250       
0.34375        
0.15625        
-0.40625       
-0.15625       
0.31250        
-0.03125       
-0.37500       
0.15625        
0.34375        
-0.03125       
-0.31250       
0.12500        
0.31250        
-0.31250       
-0.25000       
0.43750        
0.12500        
-0.50000       
-0.12500       
0.50000        
0.18750        
-0.59375       
-0.06250       
0.40625        
0.06250        
-0.28125       
0.21875        
0.28125        
-0.09375       
-0.15625       
0.25000        
0.21875        
-0.15625       
-0.09375       
0.25000        
-0.03125       
-0.37500       
-0.06250       
0.62500        
0.06250        
-0.37500       
-0.03125       
0.40625        
-0.12500       
-0.34375       
-0.03125       
0.34375        
-0.03125       
-0.12500       
0.06250        
0.28125        
-0.21875       
-0.09375       
0.15625        
0.09375        
-0.21875       
0.03125        
0.21875        
-0.21875       
0.03125        
0.09375        
0.28125        
0.00000        
0.00000        
0.18750        
0.12500        
0.00000        
0.12500        
0.00000        
-0.12500       
-0.12500       
0.12500        
-0.06250       
-0.21875       
-0.09375       
0.15625        
-0.06250       
-0.18750       
0.12500        
0.25000        
-0.06250       
-0.09375       
0.25000        
0.21875        
-0.21875       
-0.12500       
0.06250        
0.03125        
-0.28125       
-0.06250       
0.25000        
-0.21875       
-0.31250       
0.09375        
0.28125        
-0.40625       
-0.15625       
0.15625        
-0.03125       
-0.28125       
-0.06250       
0.31250        
0.18750        
-0.43750       
-0.06250       
0.28125        
-0.03125       
-0.34375       
0.06250        
0.28125        
-0.21875       
-0.25000       
0.18750        
0.21875        
-0.06250       
-0.18750       
0.15625        
0.21875        
-0.15625       
-0.15625       
0.09375        
0.21875        
-0.31250       
0.06250        
0.12500        
0.00000        
-0.37500       
0.06250        
0.37500        
0.03125        
-0.18750       
-0.03125       
0.56250        
-0.06250       
-0.40625       
0.09375        
0.34375        
-0.03125       
-0.31250       
0.18750        
0.28125        
-0.25000       
-0.12500       
0.15625        
0.12500        
-0.34375       
-0.15625       
0.53125        
0.18750        
-0.34375       
0.00000        
0.53125        
0.09375        
-0.28125       
0.03125        
0.25000        
0.25000        
-0.31250       
0.12500        
0.34375        
-0.31250       
-0.34375       
-0.09375       
0.21875        
-0.12500       
-0.31250       
0.15625        
0.28125        
-0.28125       
-0.15625       
0.09375        
0.31250        
-0.18750       
-0.12500       
0.46875        
0.03125        
-0.46875       
0.00000        
0.43750        
0.03125        
-0.40625       
0.15625        
0.31250        
-0.18750       
-0.06250       
0.03125        
0.21875        
-0.12500       
-0.09375       
0.09375        
0.12500        
-0.12500       
0.03125        
0.28125        
0.03125        
-0.25000       
0.03125        
0.21875        
-0.09375       
-0.21875       
0.03125        
0.06250        
0.00000        
-0.12500       
0.00000        
0.15625        
-0.09375       
-0.18750       
0.21875        
0.03125        
-0.03125       
0.18750        
0.34375        
0.06250        
-0.09375       
-0.03125       
0.09375        
-0.12500       
0.12500        
0.12500        
-0.06250       
0.06250        
-0.03125       
0.09375        
0.15625        
-0.03125       
0.06250        
0.12500        
-0.21875       
-0.15625       
0.06250        
0.09375        
-0.12500       
0.12500        
0.21875        
-0.15625       
-0.18750       
-0.09375       
-0.06250       
-0.15625       
-0.06250       
0.09375        
-0.09375       
-0.28125       
0.18750        
0.28125        
0.06250        
-0.15625       
0.06250        
0.21875        
-0.06250       
-0.15625       
0.06250        
0.12500        
-0.15625       
-0.25000       
0.09375        
0.15625        
0.09375        
-0.06250       
0.15625        
-0.18750       
-0.21875       
0.09375        
0.34375        
0.06250        
-0.06250       
0.09375        
-0.03125       
-0.03125       
-0.12500       
0.25000        
0.06250        
-0.09375       
-0.12500       
-0.09375       
0.12500        
0.00000        
0.15625        
0.15625        
-0.18750       
-0.18750       
0.00000        
0.31250        
-0.15625       
-0.09375       
0.09375        
0.15625        
-0.12500       
0.00000        
-0.03125       
0.15625        
0.06250        
-0.12500       
0.00000        
0.00000        
-0.03125       
0.00000        
0.03125        
0.15625        
-0.06250       
0.06250        
0.03125        
-0.06250       
-0.03125       
-0.03125       
0.00000        
-0.18750       
0.03125        
0.12500        
-0.15625       
-0.12500       
-0.03125       
-0.12500       
0.09375        
-0.03125       
0.00000        
0.06250        
-0.15625       
0.03125        
0.28125        
-0.03125       
-0.15625       
0.18750        
0.03125        
-0.06250       
-0.15625       
0.15625        
0.18750        
0.00000        
0.03125        
-0.09375       
-0.12500       
0.09375        
0.03125        
0.28125        
-0.03125       
0.00000        
0.03125        
0.12500        
-0.21875       
-0.03125       
0.18750        
0.12500        
0.00000        
-0.15625       
0.18750        
-0.06250       
0.12500        
-0.09375       
-0.12500       
0.09375        
0.00000        
0.12500        
0.03125        
0.06250        
0.00000        
0.00000        
-0.09375       
-0.03125       
-0.09375       
0.00000        
-0.03125       
-0.03125       
-0.03125       
0.03125        
-0.03125       
-0.06250       
-0.06250       
0.03125        
0.09375        
-0.09375       
0.09375        
0.03125        
0.09375        
0.06250        
-0.03125       
0.00000        
-0.09375       
0.12500        
0.12500        
-0.15625       
-0.09375       
-0.09375       
0.03125        
0.09375        
-0.12500       
0.03125        
-0.06250       
0.00000        
0.03125        
0.25000        
-0.09375       
-0.09375       
0.06250        
-0.03125       
-0.18750       
0.12500        
0.34375        
-0.06250       
-0.25000       
-0.12500       
0.06250        
-0.06250       
-0.06250       
0.15625        
0.09375        
0.09375        
0.12500        
0.00000        
0.03125        
-0.21875       
-0.06250       
0.28125        
0.06250        
-0.46875       
0.03125        
0.15625        
0.03125        
-0.18750       
-0.09375       
0.12500        
-0.06250       
-0.12500       
0.06250        
0.03125        
0.00000        
0.00000        
0.03125        
0.03125        
-0.09375       
0.06250        
0.15625        
0.00000        
-0.18750       
-0.25000       
-0.03125       
0.12500        
-0.03125       
-0.03125       
0.12500        
0.03125        
-0.06250       
-0.15625       
0.15625        
0.06250        
-0.15625       
0.06250        
-0.12500       
0.00000        
0.21875        
0.21875        
0.03125        
-0.06250       
-0.15625       
0.00000        
-0.12500       
0.03125        
0.15625        
-0.09375       
0.06250        
0.03125        
-0.21875       
0.00000        
0.12500        
0.00000        
-0.18750       
0.09375        
0.06250        
0.00000        
0.09375        
-0.06250       
-0.12500       
0.00000        
-0.06250       
-0.12500       
0.18750        
-0.09375       
0.06250        
0.12500        
0.00000        
-0.21875       
-0.15625       
-0.06250       
0.18750        
-0.18750       
0.06250        
-0.15625       
0.18750        
-0.03125       
-0.21875       
0.12500        
0.00000        
0.03125        
-0.18750       
0.03125        
0.03125        
-0.06250       
0.12500        
-0.06250       
-0.06250       
-0.06250       
0.09375        
-0.09375       
-0.03125       
0.03125        
-0.06250       
0.06250        
0.06250        
-0.12500       
0.06250        
0.15625        
0.12500        
-0.15625       
0.06250        
-0.09375       
0.06250        
-0.12500       
